lat lon 18O H/D
-77.72596 162.21936 -44.43 -351.50
-77.72599 162.21789 -41.79 -335.30
-77.72618 162.21675 -41.60 -336.90
-77.72636 162.21604 -43.88 -348.70
-77.72642 162.21516 -43.22 -345.90
-77.72654 162.21408 -42.88 -345.80
-77.72660 162.21281 -44.07 -349.30
-77.72672 162.21161 -44.40 -350.90
-77.72674 162.21084 -44.45 -356.50
-77.72681 162.20948 -44.06 -356.60
-77.72686 162.20851 -43.74 -350.00
-77.72693 162.20755 -44.49 -352.90
-77.72695 162.20627 -43.38 -343.70
-77.72701 162.20529 -44.51 -355.60
-77.72712 162.20435 -44.34 -358.70
-77.72715 162.20299 -44.60 -357.50
-77.72717 162.20202 -41.90 -337.30
-77.72728 162.20109 -42.33 -340.90
-77.72735 162.19963 -43.06 -344.30
-77.72746 162.19804 -42.37 -337.30
-77.72750 162.19692 -43.21 -343.40
-77.72758 162.19544 -42.59 -342.40
-77.72772 162.19403 -41.30 -331.80
-77.72786 162.19263 -42.78 -343.10
-77.72791 162.19139 -42.28 -338.20
-77.72791 162.19139 -42.72 -341.90
-77.72822 162.18850 -42.96 -342.00
-77.72834 162.18645 -44.17 -354.80
-77.72848 162.18448 -44.09 -357.10
-77.72853 162.18320 -44.96 -361.60
-77.72888 162.17961 -43.79 -350.70
-77.72895 162.17875 -43.54 -345.80
-77.72920 162.17415 -43.05 -344.40
-77.72933 162.18253 -43.21 -349.40
-77.72940 162.18672 -44.61 -357.90
-77.72946 162.19091 -43.95 -352.60
-77.73000 162.17161 -44.15 -353.80
-77.73008 162.17083 -43.66 -367.70
-77.73015 162.17005 -44.04 -358.30
-77.73028 162.16868 -43.40 -348.80
-77.73035 162.16799 -43.83 -349.90
-77.73042 162.16730 -44.22 -354.50
-77.73048 162.16662 -44.74 -358.60
-77.73055 162.16593 -43.44 -348.10
-77.73067 162.16454 -44.50 -354.30
-77.73073 162.16385 -44.14 -355.80
-77.73078 162.16315 -44.37 -356.20
-77.73084 162.16246 -43.70 -343.10
-77.73090 162.16176 -44.50 -358.70
-77.73103 162.16046 -43.96 -349.70
-77.73110 162.15980 -43.39 -350.60
-77.73116 162.15915 -44.70 -358.70
-77.73123 162.15850 -44.56 -356.60
-77.73129 162.15762 -44.97 -360.40
-77.73144 162.15632 -45.03 -361.30
-77.73151 162.15567 -44.93 -357.20
-77.73158 162.15502 -44.11 -349.10
-77.73166 162.15437 -44.33 -358.80
-77.73173 162.15372 -44.56 -359.30
-77.73186 162.15233 -44.09 -350.50
-77.73192 162.15164 -44.25 -355.90
-77.73198 162.15094 -44.30 -357.80
-77.73205 162.15025 -43.92 -348.30
-77.73211 162.14955 -44.12 -355.30
-77.73225 162.14827 -43.97 -313.30
-77.73232 162.14763 -44.29 -355.50
-77.73239 162.14698 -43.23 -349.70
-77.73246 162.14634 -43.21 -348.60
-77.73253 162.14570 -42.94 -346.70
-77.73266 162.14433 -30.48 -349.90
-77.73273 162.14364 -43.46 -345.20
-77.73279 162.14295 -43.64 -354.20
-77.73286 162.14227 -43.13 -344.30
-77.73292 162.14158 -43.06 -347.00
-77.73303 162.14025 -44.72 -358.70
-77.73308 162.13958 -42.86 -342.10
-77.73313 162.13891 -43.93 -351.90
-77.73319 162.13825 -43.99 -353.60
-77.73324 162.13758 -44.48 -357.60
-77.73337 162.13621 -44.02 -351.10
-77.73343 162.13553 -44.44 -354.10
-77.73349 162.13485 -44.80 -361.60
-77.73356 162.13416 -43.46 -352.00
-77.73362 162.13348 -44.35 -352.90
-77.73371 162.13207 -45.16 -363.60
-77.73375 162.13136 -43.34 -349.40
-77.73379 162.13065 -44.76 -361.50
-77.73384 162.12995 -44.86 -364.40
-77.73388 162.12924 -44.13 -359.20
-77.73398 162.12785 -44.60 -361.20
-77.73403 162.12716 -44.62 -357.40
-77.73408 162.12646 -44.55 -363.30
-77.73413 162.12577 -45.34 -361.70
-77.73418 162.12507 -44.25 -359.70
-77.73431 162.12374 -44.21 -352.60
-77.73438 162.12308 -44.01 -357.20
-77.73445 162.12241 -44.50 -354.40
-77.73451 162.12175 -44.82 -359.10
-77.73458 162.12108 -44.69 -359.10
-77.73470 161.11900 -44.62 -359.70
-77.73475 162.11858 -44.88 -363.70
-77.73481 162.11774 -44.90 -363.70
-77.73487 162.11691 -45.00 -362.10
-77.73494 162.11542 -42.84 -346.60
-77.73497 162.11468 -43.04 -342.30
-77.73500 162.11393 -42.97 -346.10
-77.73504 162.11319 -44.55 -360.00
-77.73507 162.11244 -43.82 -345.60
-77.73511 162.11102 -43.90 -354.70
-77.73514 162.11032 -44.79 -362.50
-77.73516 162.10961 -44.73 -362.20
-77.73518 162.10890 -43.96 -352.20
-77.73520 162.10819 -44.67 -357.50
-77.73523 162.10642 -44.41 -353.20
-77.73524 162.10558 -44.58 -360.70
-77.73526 162.10471 -43.62 -353.70
-77.73527 162.10384 -43.44 -352.10
-77.73528 162.10237 -43.44 -347.10
-77.73529 162.10163 -44.13 -358.10
-77.73529 162.10089 -43.91 -356.00
-77.73530 162.10016 -43.02 -343.30
-77.73530 162.09942 -41.59 -333.50
-77.73546 162.09802 -43.76 -349.40
-77.73554 162.09732 -43.02 -349.60
-77.73562 162.09661 -43.84 -356.70
-77.73569 162.09610 -42.46 -341.10
-77.73570 162.09591 -42.66 -344.50
-77.73571 162.09521 -42.43 -342.80
-77.73572 162.09381 -42.20 -336.70
-77.73574 162.09311 -41.23 -331.90
-77.73575 162.09241 -41.93 -338.70
-77.73578 162.09171 -43.57 -347.70
-77.73578 162.08960 -43.25 -345.60
-77.73582 162.08889 -43.00 -339.90
-77.73586 162.08818 -42.76 -340.90
-77.73591 162.08748 -42.86 -339.90
-77.73595 162.08677 -43.89 -355.80
-77.73604 162.08531 -42.53 -339.10
-77.73608 162.08459 -42.50 -342.90
-77.73612 162.08386 -44.10 -353.60
-77.73617 162.08313 -42.94 -339.10
-77.73621 162.08240 -42.08 -338.90
-77.73631 162.08095 -41.89 -333.70
-77.73636 162.08022 -42.54 -334.90
-77.73641 162.07949 -41.96 -334.90
-77.73646 162.07877 -43.23 -341.90
-77.73651 162.07804 -43.57 -355.40
-77.73653 162.07660 -23.39 -197.60
-77.73655 162.07588 -43.73 -354.80
-77.73656 162.07515 -43.21 -346.30
-77.73657 162.07443 -44.26 -357.20
-77.73658 162.07371 -43.46 -349.80
-77.73659 162.07220 -42.90 -346.10
-77.73660 162.05159 -44.49 -358.50
-77.73660 162.06026 -42.73 -345.30
-77.73660 162.07145 -42.74 -346.30
-77.73660 162.05231 -44.24 -354.10
-77.73660 162.06099 -42.95 -345.80
-77.73661 162.05013 -44.35 -353.90
-77.73661 162.05302 -44.37 -358.90
-77.73661 162.05880 -43.44 -353.40
-77.73661 162.06172 -42.99 -344.40
-77.73661 162.07069 -42.32 -335.70
-77.73661 162.04940 -44.69 -362.40
-77.73661 162.05374 -42.99 -345.70
-77.73661 162.05808 -43.08 -348.00
-77.73661 162.06245 -42.10 -338.20
-77.73661 162.04867 -44.27 -359.00
-77.73661 162.05446 -42.76 -346.40
-77.73661 162.05735 -42.24 -341.90
-77.73661 162.06318 -42.29 -341.40
-77.73661 162.06994 -42.17 -335.90
-77.73662 162.04794 -43.82 -357.40
-77.73662 162.05662 -42.88 -346.20
-77.73662 162.03855 -42.37 -327.20
-77.73662 162.03929 -42.80 -344.10
-77.73662 162.04002 -30.47 -332.50
-77.73662 162.04076 -43.58 -352.80
-77.73662 162.04150 -44.08 -354.60
-77.73662 162.04297 -44.65 -358.50
-77.73662 162.04368 -44.61 -355.40
-77.73662 162.04438 -44.50 -360.60
-77.73662 162.04509 -43.53 -351.50
-77.73662 162.04580 -44.17 -359.10
-77.73662 162.04721 -44.26 -358.30
-77.73662 162.05589 -43.24 -350.10
-77.73662 162.06464 -42.43 -341.50
-77.73662 162.06540 -42.93 -345.30
-77.73662 162.06615 -42.33 -341.10
-77.73662 162.06691 -42.55 -343.30
-77.73662 162.06767 -41.28 -329.90
-77.73662 162.06918 -41.92 -338.30
-77.73662 162.03708 -43.05 -344.90
-77.73663 162.03634 -42.47 -343.30
-77.73663 162.03560 -42.61 -343.90
-77.73663 162.03487 -41.56 -334.00
-77.73663 162.03413 -42.79 -343.80
-77.73665 162.03265 -42.17 -339.50
-77.73666 162.03191 -42.32 -339.10
-77.73666 162.03117 -42.12 -339.70
-77.73667 162.03043 -42.84 -344.30
-77.73668 162.02969 -41.22 -331.40
-77.73669 162.02835 -43.22 -348.20
-77.73670 162.02769 -42.29 -340.60
-77.73670 162.02702 -42.13 -338.30
-77.73671 162.02635 -43.30 -348.30
-77.73677 162.02531 -43.64 -343.80
-77.73683 162.02395 -42.90 -344.50
-77.73686 162.02327 -42.67 -344.70
-77.73688 162.02258 -43.13 -350.00
-77.73691 162.02190 -42.97 -346.30
-77.73694 162.02122 -42.63 -340.20
-77.73698 162.01975 -40.68 -326.90
-77.73700 162.01902 -38.77 -319.50
-77.73702 162.01828 -43.75 -350.40
-77.73704 162.01755 -44.21 -358.60
-77.73706 162.01681 -43.19 -347.20
-77.73711 162.01536 -42.96 -344.20
-77.73713 162.01464 -44.32 -355.90
-77.73715 162.01392 -43.21 -347.60
-77.73718 162.01319 -43.55 -350.70
-77.73720 162.01247 -42.40 -341.40
-77.73725 162.01108 -42.64 -341.60
-77.73728 162.01039 -41.52 -334.30
-77.73731 162.00969 -41.11 -331.80
-77.73733 162.00900 -40.70 -328.10
-77.73736 162.00830 -41.49 -333.20
-77.73741 162.00688 -41.58 -334.10
-77.73743 162.00618 -42.13 -339.10
-77.73745 162.00547 -43.20 -346.90
-77.73748 162.00476 -42.59 -344.00
-77.73750 162.00405 -40.79 -339.40
-77.73756 162.00264 -42.76 -343.20
-77.73759 162.00194 -42.76 -344.40
-77.73761 162.00124 -42.69 -343.90
-77.73764 162.00053 -42.93 -344.10
-77.73767 161.99983 -42.49 -340.50
-77.73774 161.99841 -42.70 -345.40
-77.73778 161.99770 -42.29 -342.70
-77.73781 161.99699 -42.72 -345.00
-77.73785 161.99628 -41.99 -338.20
-77.73788 161.99557 -42.50 -341.70
-77.73797 161.99420 -41.89 -338.00
-77.73802 161.99351 -42.61 -343.90
-77.73806 161.99282 -42.62 -344.50
-77.73811 161.99214 -42.60 -342.80
-77.73815 161.99145 -42.64 -343.20
-77.73823 161.99005 -41.86 -336.50
-77.73827 161.98935 -42.17 -336.40
-77.73831 161.98864 -41.87 -338.40
-77.73835 161.98794 -41.31 -333.60
-77.73839 161.98724 -41.73 -332.50
-77.73846 161.98585 -41.63 -335.90
-77.73849 161.98516 -41.57 -334.00
-77.73852 161.98446 -41.83 -335.80
-77.73856 161.98377 -41.39 -332.30
-77.73859 161.98307 -41.53 -334.50
-77.73867 161.98171 -42.16 -337.20
-77.73872 161.98103 -42.32 -339.30
-77.73876 161.98034 -41.84 -335.80
-77.73880 161.97966 -42.30 -340.70
-77.73884 161.97898 -41.90 -336.80
-77.73895 161.97762 -42.12 -338.20
-77.73901 161.97695 -42.16 -339.90
-77.73907 161.97627 -43.10 -346.40
-77.73912 161.97559 -42.66 -343.80
-77.73918 161.97491 -41.48 -334.50
-77.73929 161.97355 -41.26 -333.50
-77.73935 161.97287 -41.48 -330.80
-77.73941 161.97218 -41.71 -335.60
-77.73946 161.97150 -41.38 -328.90
-77.73952 161.97082 -42.02 -339.00
-77.73963 161.96945 -41.99 -337.50
-77.73969 161.96877 -42.38 -343.80
-77.73974 161.96808 -41.43 -332.50
-77.73980 161.96740 -41.95 -336.80
-77.73985 161.96671 -43.11 -345.50
-77.73996 161.96536 -42.36 -342.80
-77.74001 161.96468 -41.43 -333.50
-77.74006 161.96400 -41.94 -336.80
-77.74012 161.96333 -41.68 -335.20
-77.74017 161.96265 -42.86 -342.80
-77.74027 161.96118 -41.21 -330.20
-77.74033 161.96045 -40.80 -328.60
-77.74038 161.95972 -41.07 -329.80
-77.74043 161.95898 -41.31 -364.90
-77.74048 161.95825 -41.70 -334.00
-77.74061 161.95696 -41.72 -332.60
-77.74068 161.95631 -41.86 -330.40
-77.74074 161.95566 -41.55 -333.00
-77.74081 161.95502 -41.62 -334.70
-77.74087 161.95437 -41.86 -336.00
-77.74120 161.95115 -42.72 -345.30
-77.74126 161.95051 -43.58 -352.50
-77.74134 161.94977 -43.30 -348.30
-77.74141 161.94902 -42.92 -345.50
-77.74151 161.94761 -43.54 -351.40
-77.74159 161.94682 -42.93 -345.80
-77.74166 161.94602 -42.39 -343.70
-77.74177 161.94476 -43.96 -353.80
-77.74177 161.94476 -41.42 -331.20
-77.74182 161.94414 -43.52 -351.80
-77.74182 161.94414 -42.70 -343.30
-77.74187 161.94351 -42.97 -345.50
-77.74187 161.94351 -42.31 -340.40
-77.74193 161.94288 -42.85 -344.60
-77.74198 161.94225 -42.75 -344.00
-77.74208 161.94087 -42.11 -333.20
-77.74214 161.94018 -41.19 -328.30
-77.74219 161.93949 -41.63 -333.40
-77.74224 161.93880 -40.92 -327.70
-77.74229 161.93811 -42.96 -346.50
-77.74239 161.93668 -42.34 -344.80
-77.74244 161.93597 -42.49 -342.70
-77.74248 161.93525 -42.63 -344.90
-77.74253 161.93454 -43.39 -375.50
-77.74258 161.93382 -42.74 -343.50
-77.74266 161.93244 -42.73 -343.80
-77.74270 161.93175 -42.51 -344.30
-77.74274 161.93105 -42.83 -348.20
-77.74278 161.93036 -43.50 -350.70
-77.74282 161.92967 -43.06 -347.60
-77.74289 161.92822 -42.98 -346.20
-77.74293 161.92750 -42.98 -347.10
-77.74296 161.92678 -42.25 -341.00
-77.74300 161.92605 -42.27 -338.70
-77.74303 161.92533 -42.16 -342.30
-77.74310 161.92392 -42.10 -337.70
-77.74314 161.92321 -42.17 -340.00
-77.74317 161.92250 -41.06 -330.90
-77.74321 161.92180 -41.30 -327.30
-77.74324 161.92109 -40.24 -324.20
-77.74330 161.91969 -42.64 -343.00
-77.74332 161.91900 -41.58 -334.30
-77.74335 161.91830 -41.99 -336.10
-77.74338 161.91760 -41.19 -331.00
-77.74344 161.91687 -41.67 -336.20
-77.74346 161.91602 -41.40 -332.90
-77.74349 161.91516 -42.19 -337.70
-77.74352 161.91431 -42.64 -345.60
-77.74357 161.91347 -41.24 -331.50
-77.74361 161.91264 -41.30 -334.00
-77.74364 161.91181 -41.06 -329.00
-77.74366 161.91094 -41.59 -335.00
-77.74370 161.91007 -39.90 
-77.74374 161.90925 -42.34 -342.90
-77.74377 161.90844 -41.39 -331.20
-77.74379 161.90757 -42.42 -345.10
-77.74381 161.90674 -40.77 -321.50
-77.74385 161.90591 -40.98 -328.60
-77.74390 161.90513 -40.13 -325.80
-77.74394 161.90416 -41.89 -337.70
-77.74399 161.90333 -41.10 -330.70
-77.74404 161.90252 -40.25 -325.40
-77.74408 161.90169 -40.74 -329.70
-77.74414 161.90084 -41.93 -337.20
-77.74420 161.90002 -41.88 -338.20
-77.74425 161.89921 -42.20 -337.80
-77.74429 161.89837 -41.37 -335.30
-77.74434 161.89757 -40.80 -325.50
-77.74440 161.89592 -39.66 -314.00
-77.74440 161.89678 -40.99 -330.60
-77.74443 161.89503 -40.86 -328.20
-77.74446 161.89419 -41.14 -330.20
-77.74449 161.89336 -41.88 -334.70
-77.74454 161.89253 -41.38 -334.60
-77.74459 161.89163 -43.87 -341.40
-77.74463 161.89077 -41.46 -335.80
-77.74464 161.88993 -42.33 -343.50
-77.74470 161.88819 -40.68 -320.00
-77.74470 161.88905 -41.67 -335.80
-77.74474 161.88740 -40.63 
-77.74479 161.88654 -42.92 -350.80
-77.74484 161.88482 -40.88 -328.60
-77.74484 161.88565 -42.38 -340.90
-77.74487 161.88403 -41.02 -329.50
-77.74491 161.88312 -40.57 -321.40
-77.74494 161.88238 -41.62 -335.90
-77.74496 161.88148 -40.22 -320.10
-77.74500 161.88063 -42.68 -341.50
-77.74504 161.87978 -41.17 -331.90
-77.74508 161.87890 -39.85 -319.10
-77.74511 161.87810 -41.68 -332.80
-77.74515 161.87723 -40.24 -320.20
-77.74517 161.87639 -40.54 -327.30
-77.74521 161.87559 -40.86 -329.70
-77.74527 161.87472 -40.78 -331.40
-77.74530 161.87393 -41.39 -331.90
-77.74534 161.87305 -42.08 -339.50
-77.74535 161.87222 -40.12 -321.50
-77.74539 161.87136 -41.12 -330.10
-77.74541 161.87049 -42.08 -340.30
-77.74548 161.86964 -42.16 -338.30
-77.74550 161.86884 -42.04 -339.20
-77.74555 161.86716 -41.34 -333.40
-77.74555 161.86800 -40.79 -330.20
-77.74558 161.86647 -42.08 -342.70
-77.74564 161.86549 -43.28 -348.60
-77.74567 161.86468 -41.07 -330.50
-77.74572 161.86379 -41.42 -327.30
-77.74577 161.86299 -42.46 -344.10
-77.74580 161.86211 -41.25 -333.70
-77.74587 161.86127 -40.92 -327.20
-77.74591 161.86043 -40.45 -325.10
-77.74595 161.85958 -41.31 -333.60
-77.74600 161.85877 -41.98 -339.00
-77.74606 161.85763 -42.11 -340.10
-77.74607 161.85714 -41.54 -332.60
-77.74613 161.85620 -43.22 -347.70
-77.74618 161.85535 -41.01 -329.80
-77.74623 161.85449 -40.53 -326.80
-77.74630 161.85368 -40.58 -328.60
-77.74635 161.85287 -39.33 -314.90
-77.74642 161.85206 -40.10 -324.40
-77.74645 161.85122 -39.70 -321.80
-77.74651 161.85033 -40.88 -330.60
-77.74655 161.84957 -41.00 -328.50
-77.74658 161.84882 -40.96 -324.30
-77.74663 161.84791 -40.23 -322.30
-77.74672 161.84702 -40.99 -328.90
-77.74675 161.84620 -42.26 -338.00
-77.74681 161.84535 -41.94 -339.80
-77.74682 161.84456 -41.03 -328.50
-77.74690 161.84368 -40.34 -327.70
-77.74693 161.84292 -41.75 -338.60
-77.74698 161.84204 -41.54 -336.10
-77.74703 161.84125 -42.24 -337.80
-77.74708 161.84043 -41.48 -337.80
-77.74713 161.83854 -42.19 -342.10
-77.74717 161.83867 -43.22 -347.20
-77.74722 161.83782 -41.87 -340.30
-77.74725 161.83710 -42.95 -349.60
-77.74729 161.83626 -42.77 -343.70
-77.74734 161.83546 -42.16 -339.80
-77.74740 161.83458 -42.08 -337.00
-77.74745 161.83366 -41.74 -336.70
-77.74747 161.83307 -43.08 -347.10
-77.74752 161.83223 -41.92 -337.30
-77.74757 161.83134 -41.13 -332.80
-77.74761 161.83066 -41.42 -334.80
-77.74767 161.82972 -42.16 -337.00
-77.74773 161.82889 -40.88 -331.60
-77.74776 161.82808 -43.48 -356.60
-77.74782 161.82727 -42.85 -348.50
-77.74786 161.82639 -42.71 -345.90
-77.74792 161.82560 -44.09 -358.10
-77.74797 161.82477 -42.29 -334.80
-77.74801 161.82397 -43.06 -347.80
-77.74806 161.82308 -44.29 -355.60
-77.74810 161.82222 -43.81 -355.80
-77.74815 161.82139 -43.92 -359.30
-77.74817 161.82056 -44.64 -361.10
-77.74823 161.81972 -43.04 -347.70
-77.74828 161.81887 -43.04 -350.50
-77.74833 161.81809 -43.15 -348.60
-77.74837 161.81724 -44.53 -359.90
-77.74843 161.81636 -42.79 -346.30
-77.74848 161.81554 -42.74 -348.20
-77.74852 161.81473 -44.33 -359.20
-77.74858 161.81385 -41.84 -338.70
-77.74861 161.81289 -43.48 -355.20
-77.74867 161.81217 -43.96 -352.70
-77.74871 161.81134 -45.43 -367.10
-77.74875 161.81052 -45.56 -366.80
-77.74880 161.80971 -45.29 -362.10
-77.74884 161.80887 -44.46 -359.50
-77.74891 161.80799 -42.32 -342.40
-77.74896 161.80722 -44.62 -361.00
-77.74901 161.80637 -43.36 -346.30
-77.74907 161.80557 -44.35 -354.30
-77.74911 161.80472 -44.34 -359.70
-77.74918 161.80391 -43.13 -348.40
-77.74923 161.80312 -42.82 -348.10
-77.74926 161.80222 -44.48 -361.90
-77.74932 161.80141 -44.65 -361.10
-77.74937 161.80060 -44.32 -357.20
-77.74942 161.79974 -44.26 -358.80
-77.74946 161.79891 -44.41 -360.80
-77.74949 161.79215 -44.25 -359.20
-77.74949 161.79805 -44.74 -363.60
-77.74953 161.79722 -43.45 -352.60
-77.74957 161.79633 -43.55 -352.50
-77.74961 161.79545 -44.27 -357.80
-77.74963 161.79466 -43.65 -348.80
-77.74968 161.79379 -46.47 -373.20
-77.74974 161.79297 -42.41 -343.90
-77.74983 161.79137 -44.89 -365.50
-77.74992 161.79052 -45.06 -363.80
-77.74999 161.78970 -45.32 -368.40
-77.75005 161.78891 -43.15 -348.60
-77.75013 161.78810 -41.62 -338.30
-77.75017 161.78645 -43.35 -351.10
-77.75017 161.78725 -42.96 -348.20
-77.75023 161.78559 -44.85 -363.10
-77.75029 161.78478 -41.25 -331.90
-77.75037 161.78408 -43.59 -352.60
-77.75042 161.78308 -45.02 -359.70
-77.75047 161.78227 -43.18 -347.10
-77.75054 161.78148 -42.68 -369.30
-77.75059 161.78066 -45.79 -373.80
-77.75065 161.77987 -44.20 -359.20
-77.75074 161.77907 -43.28 -351.50
-77.75080 161.77827 -44.05 -355.50
-77.75087 161.77753 -43.13 -348.90
-77.75094 161.77683 -41.78 -337.70
-77.75102 161.77600 -44.56 -351.50
-77.75110 161.77531 -43.11 -344.00
-77.75118 161.77452 -43.60 -353.70
-77.75128 161.77375 -39.84 -323.40
-77.75138 161.77297 -43.58 -352.10
-77.75145 161.77224 -43.64 -349.40
-77.75157 161.77153 -44.50 -366.00
-77.75165 161.77070 -43.03 -348.00
-77.75170 161.77013 -41.71 -338.00
-77.75184 161.76937 -42.99 -348.90
-77.75193 161.76854 -43.64 -352.40
-77.75199 161.76776 -43.56 -352.80
-77.75209 161.76701 -42.47 -348.70
-77.75225 161.76544 -43.91 -353.90
-77.75225 161.76593 -43.48 -351.10
-77.75236 161.76464 -43.43 -349.50
-77.75252 161.76317 -44.14 -358.20
-77.75253 161.76480 -43.38 -349.70
-77.75263 161.76247 -42.82 -344.90
-77.75271 161.76172 -42.85 -329.00
-77.75273 161.76092 -42.56 -346.40
-77.75276 161.76090 -42.36 -346.70
-77.75297 161.75940 -43.20 -349.80
-77.75303 161.75883 -43.00 -348.70
-77.75312 161.75801 -44.05 -353.70
-77.75322 161.75723 -40.85 -329.30
-77.75333 161.75641 -42.84 -348.00
-77.75343 161.75577 -46.58 -376.50
-77.75352 161.75514 -45.57 -361.80
-77.75364 161.75425 -43.58 -354.80
-77.75375 161.75359 -42.58 -344.20
-77.75387 161.75289 -43.85 -352.40
-77.75396 161.75212 -44.48 -362.30
-77.75406 161.75147 -42.26 -332.40
-77.75417 161.75074 -43.22 -348.90
-77.75428 161.75007 -43.89 -351.60
-77.75439 161.74930 -40.74 -341.40
-77.75451 161.74870 -44.14 -354.10
-77.75463 161.74803 -40.89 -322.00
-77.75474 161.74739 -42.40 -347.50
-77.75483 161.74659 -43.13 -342.50
-77.75494 161.74589 -43.23 -343.60
-77.75506 161.74524 -41.59 -335.40
-77.75518 161.74449 -40.80 -328.50
-77.75528 161.74384 -40.98 -331.50
-77.75540 161.74314 -40.43 -325.00
-77.75551 161.74241 -41.44 -334.20
-77.75561 161.74176 -41.37 -342.50
-77.75570 161.74107 -40.82 -331.90
-77.75588 161.74064 -41.70 -341.50
-77.75602 161.73980 -41.11 -327.60
-77.75609 161.73911 -39.68 -318.00
-77.75621 161.73828 -41.85 -340.30
-77.75630 161.73769 -43.66 -350.90
-77.75641 161.73700 -44.21 -354.60
-77.75653 161.73631 -41.68 -338.00
-77.75666 161.73573 -42.83 -348.60
-77.75678 161.73508 -41.57 -333.90
-77.75685 161.73455 -40.96 -323.80
-77.75701 161.73370 -39.94 -320.00
-77.75711 161.73302 -42.58 -344.40
-77.75721 161.73237 -42.77 -342.10
-77.75737 161.73184 -43.87 -352.50
-77.75747 161.73104 -41.47 -332.80
-77.75757 161.73034 -43.04 -345.50
-77.75770 161.72968 -43.82 -351.30
-77.75781 161.72901 -40.99 -331.50
-77.75793 161.72831 -40.34 -326.30
-77.75801 161.72756 -42.52 -342.10
-77.75815 161.72659 -37.81 -304.00
-77.75826 161.72639 -38.93 -310.30
-77.75839 161.72571 -40.76 -328.00
-77.75845 161.72513 -41.49 -330.60
-77.75853 161.72455 -40.86 -329.00
-77.75865 161.72378 -38.41 -310.20
-77.75884 161.72306 -39.24 -314.00
-77.75900 161.72261 -40.37 -319.20
-77.75914 161.72210 -39.81 -321.00
-77.75925 161.72138 -41.06 -327.10
-77.75937 161.72070 -40.94 -330.70
-77.75949 161.72006 -39.86 -321.20
-77.75961 161.71949 -40.55 -324.50
-77.75972 161.71889 -41.81 -337.30
-77.75974 161.71810 -40.45 -330.50
-77.75994 161.71764 -37.65 -302.40
-77.76002 161.71712 -38.77 -309.10
-77.76017 161.71648 -39.31 -314.80
-77.76028 161.71595 -42.74 -344.20
-77.76039 161.71534 -39.88 -316.60
-77.76049 161.71481 -39.59 -316.00
-77.76064 161.71414 -42.92 -344.00
-77.76071 161.71340 -42.37 -340.10
-77.76084 161.71295 -41.76 -336.30
-77.76100 161.71252 -41.60 -332.80
-77.76111 161.71213 -42.46 -344.60
-77.76122 161.71154 -41.12 -332.70
-77.76134 161.71081 -40.71 -327.80
-77.76149 161.70995 -40.16 -324.10
-77.76160 161.70965 -39.75 -315.90
-77.76176 161.70928 -40.64 -328.20
-77.76189 161.70865 -41.58 -332.00
-77.76192 161.70801 -40.67 -327.50
-77.76209 161.70761 -42.21 -339.90
-77.76214 161.70722 -41.96 -335.40
-77.76216 161.70596 -40.04 -317.80
-77.76237 161.70062 -42.75 -345.40
-77.76268 161.70540 -43.46 -351.50
-77.76272 161.70508 -41.74 -334.30
-77.76291 161.70428 -40.34 -325.40
-77.76299 161.70403 -30.22 -332.00
-77.76306 161.70327 -39.94 -316.80
-77.76316 161.70264 -39.43 -316.10
-77.76329 161.70240 -40.13 -321.80
-77.76342 161.70188 -39.51 -317.30
-77.76360 161.70123 -40.45 -307.00
-77.76373 161.70078 -41.88 -334.20
-77.76384 161.70015 -40.55 -325.00
-77.76396 161.69970 -40.47 -323.30
-77.76399 161.69920 -41.84 -333.30
-77.76419 161.69860 -40.56 -322.60
-77.76427 161.69799 -43.35 -346.80
-77.76442 161.69714 -40.48 -324.20
-77.76457 161.69660 -29.78 -340.10
-77.76458 161.09627 -43.39 -345.80
-77.76473 161.69586 -41.48 -329.40
-77.76492 161.69522 -40.24 -321.30
-77.76508 161.69475 -40.65 -323.00
-77.76523 161.69416 -42.69 -342.20
-77.76526 161.69365 -40.84 -324.10
-77.76545 161.69329 -43.72 -349.20
-77.76567 161.69222 -41.71 -334.40
-77.76572 161.69191 -39.68 -314.30
-77.76587 161.69125 -40.46 -319.00
-77.76597 161.69054 -32.23 -331.10
-77.76604 161.68984 -42.01 -337.00
-77.76615 161.68939 -40.78 -326.50
-77.76625 161.68901 -42.60 -338.80
-77.76639 161.68829 -42.70 -343.40
-77.76656 161.68764 -42.41 -342.30
-77.76664 161.68702 -43.30 -345.10
-77.76670 161.68622 -41.61 -329.80
-77.76681 161.68584 -39.94 -321.50
-77.76701 161.68539 -41.34 -332.00
-77.76716 161.68490 -41.88 -337.20
-77.76725 161.68447 -40.56 -325.40
-77.76736 161.68373 -41.36 -332.50
-77.76748 161.68342 -39.48 -316.40
-77.76764 161.68268 -41.34 -328.80
-77.76777 161.68229 -40.23 -322.00
-77.76791 161.68180 -40.80 -328.50
-77.76801 161.68120 -43.76 -350.60
-77.76815 161.68076 -41.41 -330.60
-77.76830 161.68015 -41.12 -331.20
-77.76845 161.67968 -40.96 -329.30
-77.76854 161.67911 -40.88 -326.00
-77.76862 161.67840 -41.48 -331.50
-77.76881 161.67786 -39.89 -320.20
-77.76892 161.67719 -40.86 -326.40
-77.76901 161.67667 -38.30 -305.90
-77.76917 161.67623 -42.51 -340.90
-77.76924 161.67564 -41.13 -330.90
-77.76931 161.67502 -40.80 -328.10
-77.76949 161.67460 -39.75 -314.70
-77.76962 161.67392 -41.36 -330.60
-77.76970 161.67317 -40.84 -327.00
-77.76982 161.67276 -41.15 -328.90
-77.76997 161.67249 -42.66 -341.50
-77.77009 161.67201 -41.74 -332.60
-77.77019 161.67128 -41.45 -327.80
-77.77036 161.67111 -41.01 -329.80
-77.77048 161.67064 -41.14 -331.80
-77.77063 161.66998 -41.66 -335.30
-77.77078 161.66982 -41.80 -335.50
-77.77087 161.66898 -39.99 -320.90
-77.77104 161.66882 -39.62 -315.40
-77.77117 161.66859 -40.14 -324.40
-77.77126 161.66782 -41.05 -325.40
-77.77138 161.66740 -40.54 -324.90
-77.77159 161.66681 -41.41 -332.30
-77.77168 161.66645 -38.47 -307.70
-77.77173 161.66587 -39.85 -320.10
-77.77225 161.66383 -40.19 -318.90
-77.77252 161.66282 -39.78 -317.00
-77.77278 161.66180 -39.97 -321.50
-77.77304 161.66078 -41.78 -334.00
-77.77330 161.65976 -42.24 -339.20
-77.77373 161.65784 -41.56 -333.80
-77.77394 161.65688 -41.99 -336.20
-77.77415 161.65591 -39.63 -309.60
-77.77437 161.65495 -40.65 -322.70
-77.77458 161.65399 -39.41 -319.80
-77.77509 161.65195 -41.89 -337.20
-77.77534 161.65093 -40.84 -325.40
-77.77559 161.64991 -41.07 -329.40
-77.77585 161.64889 -39.45 -315.30
-77.77610 161.64787 -40.75 -327.90
-77.77657 161.64583 -42.67 -341.70
-77.77681 161.64481 -41.23 -326.60
-77.77704 161.64378 -40.33 -324.90
-77.77728 161.64276 -39.99 -320.20
-77.77751 161.64174 -38.90 -311.10
-77.77808 161.63924 -39.29 -314.30
-77.77837 161.63799 -40.92 -327.10
-77.77865 161.63674 -42.73 -344.60
-77.77894 161.63549 -42.31 -340.40
-77.77922 161.63424 -41.59 -332.20
-77.77966 161.63207 -41.61 -338.40
-77.77988 161.63098 -41.42 -332.40
-77.78009 161.62989 -41.75 -331.10
-77.78031 161.62881 -40.46 -322.80
-77.78053 161.62772 -40.94 -326.20
-77.78101 161.62570 -40.71 -323.40
-77.78125 161.62470 -40.60 -333.40
-77.78148 161.62369 -40.29 -334.40
-77.78172 161.62268 -41.93 -334.50
-77.78196 161.62167 -43.19 -348.10
-77.78243 161.61982 -42.07 -335.50
-77.78267 161.61889 -39.87 -320.10
-77.78291 161.61796 -41.05 -327.40
-77.78314 161.61704 -39.81 -317.90
-77.78338 161.61611 -40.42 -318.70
-77.78385 161.61418 -41.29 -328.60
-77.78409 161.61322 -41.31 -328.70
-77.78432 161.61225 -41.50 -330.30
-77.78456 161.61129 -43.38 -348.30
-77.78479 161.61032 -41.27 -328.20
-77.78532 161.60857 -42.11 -332.80
-77.78558 161.60770 -40.75 -325.00
-77.78584 161.60682 -42.44 -334.50
-77.78611 161.60595 -39.93 -322.10
-77.78637 161.60507 -39.60 -310.30
-77.78690 161.60350 -41.13 -327.90
-77.78717 161.60272 -40.89 -324.10
-77.78743 161.60193 -41.50 -328.50
-77.78770 161.60115 -41.66 -333.80
-77.78796 161.60036 -42.02 -336.10
-77.78862 161.59840 -42.57 -342.20
-77.78896 161.59743 -42.66 -339.00
-77.78929 161.59645 -42.81 -342.60
-77.78962 161.59547 -41.47 -332.70
-77.78995 161.59449 -42.24 -334.80
-77.79075 161.59231 -39.79 -316.70
-77.79115 161.59122 -41.84 -333.60
-77.79155 161.59013 -39.92 -319.20
-77.79195 161.58904 -41.74 -332.30
-77.79235 161.58795 -40.89 -328.00
-77.79319 161.58592 -41.10 -328.20
-77.79361 161.58491 -40.79 -326.60
-77.79403 161.58389 -40.68 -324.20
-77.79445 161.58288 -41.14 -328.30
-77.79502 161.58146 -40.90 -326.40
-77.79531 161.58076 -40.99 -329.00
-77.79560 161.58005 -40.63 -324.00
-77.79588 161.57934 -40.56 -322.70
-77.79617 161.57863 -41.75 -333.20
-77.79676 161.57752 -40.34 -321.60
-77.79706 161.57697 -40.78 -319.00
-77.79735 161.57641 -39.68 -317.30
-77.79765 161.57586 -41.99 -334.10
-77.79794 161.57530 -40.11 -322.10
-77.79853 161.57424 -40.70 -324.40
-77.79883 161.57371 -40.21 -321.00
-77.79912 161.57317 -39.76 -318.10
-77.79942 161.57264 -40.39 -323.50
-77.79971 161.57211 -41.56 -333.30
-77.80029 161.57110 -40.98 -328.70
-77.80059 161.57059 -41.62 -335.40
-77.80088 161.57008 -41.30 -332.40
-77.80117 161.56958 -41.67 -335.50
-77.80146 161.56907 -42.94 -343.20
-77.80206 161.56818 -42.55 -342.80
-77.80237 161.56774 -40.94 -329.40
-77.80267 161.56730 -41.37 -331.40
-77.80297 161.56685 -44.49 -357.30
-77.80327 161.56641 -42.23 -340.00
-77.80387 161.56560 -41.71 -336.10
-77.80417 161.56520 -43.29 -348.00
-77.80447 161.56480 -43.12 -347.00
-77.80477 161.56439 -43.09 -344.40
-77.80507 161.56399 -41.24 -332.10
-77.80569 161.56310 -42.29 -341.40
-77.80600 161.56266 -41.81 -335.50
-77.80631 161.56221 -41.49 -331.80
-77.80662 161.56177 -41.23 -331.30
-77.80693 161.56132 -42.05 -339.90
-77.80755 161.56059 -42.28 -342.50
-77.80786 161.56023 -42.89 -345.70
-77.80816 161.55986 -40.42 -325.10
-77.80847 161.55950 -43.17 -349.90
-77.80878 161.55913 -40.39 -325.60
-77.80942 161.55849 -42.65 -342.00
-77.80974 161.55818 -41.18 -329.30
-77.81005 161.55786 -40.03 -316.80
-77.81037 161.55754 -39.52 -316.60
-77.81069 161.55722 -39.28 -311.80
-77.81131 161.55693 -40.37 -323.00
-77.81162 161.55679 -39.94 -319.50
-77.81193 161.55665 -40.99 -322.60
-77.81224 161.55650 -39.83 -318.50
-77.81255 161.55636 -38.94 -309.40
-77.81321 161.55617 -39.34 -313.20
-77.81354 161.55607 -39.92 -320.00
-77.81387 161.55597 -42.86 -342.20
-77.81420 161.55588 -44.60 -355.80
-77.81453 161.55578 -40.30 -322.00
-77.81515 161.55518 -39.61 -313.20
-77.81546 161.55488 -42.69 -340.20
-77.81577 161.55458 -41.01 -327.90
-77.81608 161.55428 -38.95 -309.80
-77.81639 161.55398 -42.89 -342.20
-77.81701 161.55348 -42.65 -342.70
-77.81732 161.55324 -42.60 -340.90
-77.81762 161.55299 -40.40 -321.30
-77.81793 161.55274 -39.93 -317.90
-77.81824 161.55249 -40.11 -319.30
-77.81887 161.55214 -39.07 -310.20
-77.81918 161.55197 -40.91 -324.30
-77.81949 161.55179 -39.59 -311.00
-77.81981 161.55162 -39.49 -313.40
-77.82012 161.55144 -41.27 -326.50
-77.82075 161.55107 -39.83 -314.40
-77.82107 161.55088 -39.65 -315.20
-77.82138 161.55069 -40.09 -318.60
-77.82170 161.55051 -40.19 -319.00
-77.82201 161.55032 -39.97 -321.50
-77.82269 161.55010 -40.37 -321.20
-77.82303 161.54999 -41.85 -330.10
-77.82337 161.54987 -40.44 -319.20
-77.82372 161.54976 -39.93 -319.60
-77.82406 161.54965 -42.05 -331.90
-77.82440 161.54954 -41.38 -329.30
-77.82474 161.54943 -40.81 -327.90
-77.82508 161.54931 -40.25 -324.00
-77.82542 161.54920 -41.89 -328.70
-77.82576 161.54909 -40.93 -326.10
-77.82640 161.54888 -38.65 -304.10
-77.82672 161.54878 -42.11 -335.50
-77.82704 161.54867 -41.13 -326.00
-77.82736 161.54857 -42.78 -339.20
-77.82768 161.54846 -42.62 -339.30
-77.82830 161.54821 -38.92 -307.50
-77.82861 161.54809 -40.87 -324.30
-77.82892 161.54796 -40.09 -321.00
-77.82923 161.54784 -43.14 -343.90
-77.82954 161.54771 -42.41 -341.10
-77.83016 161.54755 -41.90 -334.40
-77.83047 161.54747 -41.95 -335.00
-77.83078 161.54739 -41.09 -328.10
-77.83109 161.54731 -40.53 -318.60
-77.83140 161.54723 -42.94 -342.10
-77.83204 161.54705 -40.65 -323.70
-77.83237 161.54696 -40.91 -325.40
-77.83269 161.54686 -40.11 -316.40
-77.83301 161.54677 -41.57 -330.80
-77.83333 161.54668 -43.61 -346.90
-77.83395 161.54662 -42.84 -342.20
-77.83427 161.54656 -41.53 -331.10
-77.83458 161.54650 -43.11 -344.50
-77.83489 161.54644 -42.29 -334.10
-77.83520 161.54638 -42.27 -337.40
-77.83579 161.54632 -43.85 -350.20
-77.83608 161.54626 -41.55 -327.30
-77.83637 161.54614 -39.34 -310.70
-77.83651 161.54572 -43.34 -343.50
-77.83676 161.54502 -39.53 -311.60
-77.83701 161.54432 -41.36 -327.30
-77.83726 161.54362 -40.89 -317.30
-77.83776 161.54222 -39.50 -310.80
-77.83804 161.54150 -39.78 -316.80
-77.83832 161.54077 -41.37 -327.20
-77.83860 161.54005 -38.72 -305.10
-77.83887 161.53933 -41.02 -326.50
-77.83943 161.53788 -40.77 -323.90
-77.83977 161.53755 -38.89 -308.40
-77.84012 161.53722 -40.82 -324.80
-77.84046 161.53689 -40.70 -320.20
-77.84080 161.53656 -40.44 -317.20
-77.84149 161.53590 -40.04 -319.00
-77.84177 161.53573 -40.08 -320.50
-77.84206 161.53556 -40.08 -316.90
-77.84234 161.53539 -39.22 -310.70
-77.84262 161.53521 -40.85 -323.10
-77.84319 161.53487 -39.43 -312.60
-77.84349 161.53444 -39.79 -315.40
-77.84378 161.53400 -39.55 -313.20
-77.84408 161.53357 -40.25 -320.00
-77.84437 161.53314 -40.11 -319.90
-77.84496 161.53227 -40.48 -322.00
-77.84526 161.53154 -40.39 -321.00
-77.84555 161.53081 -39.57 -312.50
-77.84585 161.53009 -38.24 -300.20
-77.84615 161.52936 -40.13 -319.20
-77.84674 161.52790 -39.91 -313.60
-77.84728 161.52665 -38.76 -303.50
-77.84756 161.52603 -37.91 -297.50
-77.84783 161.52540 -39.77 -314.80
-77.84810 161.52478 -40.22 -317.10
-77.84837 161.52415 -39.28 -309.60
-77.84893 161.52273 -37.98 -301.40
-77.84922 161.52202 -38.24 -302.90
-77.84950 161.52130 -39.55 -313.30
-77.84978 161.52059 -41.27 -326.20
-77.85006 161.51988 -40.93 -325.00
-77.85062 161.51747 -39.65 -313.00
-77.85090 161.51626 -39.15 -305.50
-77.85118 161.51506 -38.14 -301.60
-77.85146 161.51385 -37.43 -294.50
-77.85194 161.51203 -40.54 -320.00
-77.85218 161.51112 -39.45 -313.00
-77.85242 161.51021 -41.31 -318.80
-77.85266 161.50930 -38.54 -305.30
-77.85290 161.50839 -38.70 -306.50
-77.85341 161.50664 -38.44 -303.80
-77.85367 161.50577 -38.54 -304.60
-77.85392 161.50490 -41.61 -329.90
-77.85418 161.50402 -40.10 -316.50
-77.85443 161.50315 -38.30 -299.50
-77.85490 161.50127 -38.51 -304.50
-77.85513 161.50033 -40.64 -320.40
-77.85536 161.49939 -39.09 -308.80
-77.85560 161.49845 -39.53 -311.80
-77.85583 161.49751 -38.25 -304.00
-77.85626 161.49543 -37.21 -292.20
-77.85648 161.49439 -41.22 -325.90
-77.85670 161.49335 -39.34 -310.20
-77.85691 161.49231 -38.34 -301.70
-77.85713 161.49127 -38.89 -306.00
-77.85760 161.48855 -40.12 -316.80
-77.85784 161.48719 -40.06 -317.30
-77.85808 161.48582 -38.26 -302.30
-77.85831 161.48446 -39.46 -312.50
-77.85855 161.48310 -38.60 -303.80
-77.85887 161.48051 -39.75 -312.80
-77.85903 161.47922 -38.32 -302.70
-77.85919 161.47792 -40.37 -317.70
-77.85935 161.47663 -41.25 -327.10
-77.85951 161.47533 -39.42 -313.20
-77.85982 161.47277 -39.18 -308.90
-77.85997 161.47149 -41.26 -326.10
-77.86012 161.47021 -40.25 -314.20
-77.86028 161.46893 -39.77 -315.90
-77.86076 161.46510 -39.80 -309.80
-77.86092 161.46383 -40.27 -319.80
-77.86108 161.46255 -40.69 -322.70
-77.86125 161.46128 -40.91 -323.80
-77.86141 161.46000 -39.60 -310.20
-77.86174 161.45739 -37.12 -293.80
-77.86190 161.45608 -40.65 -322.10
-77.86206 161.45477 -40.86 -323.60
-77.86223 161.45347 -38.02 -296.00
-77.86239 161.45216 -41.58 -329.10
-77.86272 161.44964 -39.19 -309.50
-77.86289 161.44838 -40.64 -323.50
-77.86306 161.44712 -39.10 -308.30
-77.86322 161.44586 -39.35 -311.90
-77.86339 161.44460 -41.01 -326.00
-77.86366 161.44188 -38.90 -310.10
-77.86380 161.44052 -39.91 -317.00
-77.86393 161.43915 -39.15 -311.70
-77.86407 161.43779 -41.97 -331.90
-77.86420 161.43643 -41.28 -328.50
-77.86438 161.43366 -40.01 -317.50
-77.86447 161.43228 -41.05 -324.50
-77.86456 161.43090 -41.43 -321.60
-77.86465 161.42951 -41.71 -321.60
-77.86474 161.42813 -40.06 -319.50
-77.86487 161.42518 -42.10 -332.40
-77.86493 161.42371 -39.77 -315.50
-77.86499 161.42223 -39.10 -306.30
-77.86506 161.42076 -39.74 -314.90
-77.86509 161.40682 -40.62 -322.90
-77.86511 161.40858 -39.75 -316.30
-77.86512 161.41928 -39.50 -305.30
-77.86512 161.41630 -40.84 -323.60
-77.86513 161.41481 -39.90 -316.00
-77.86513 161.41331 -38.68 -307.80
-77.86513 161.41182 -41.72 -331.20
-77.86513 161.41033 -37.87 -301.90
