AV1 -77.82212747 161.07575298 1360365.00 548873.90 997.15 2002 12 7 2004 1 4 0.300683 
AV2 -77.82090784 161.04316271 1360528.00 548111.60 995.17 2002 12 7 2004 1 4 0.244620 
AV3 -77.81937786 161.03664013 1360704.00 547964.00 993.69 2002 12 7 2004 1 4 0.224399 
BV1 -77.79351700 160.73865021 1363815.00 541033.90 996.06 2002 12 25 2004 1 18 0.130201 
BV2 -77.79423225 160.77289648 1363711.00 541839.50 1030.49 2002 12 25 2004 1 18 0.148011 
BV3 -77.79112241 160.76154432 1364066.00 541582.10 1027.40 2002 12 25 2004 1 18 0.142476 
BV4 -77.78778010 160.74719120 1364449.00 541254.50 1026.75 2002 12 25 2004 1 18 0.108906 
C01A2 -77.74317349 160.23874271 1369732.00 529356.30 1688.49 2003 1 4 2004 1 22 0.038001 
C01B1 -77.74111872 160.21509859 1369973.00 528800.80 1696.26 2003 1 4 2004 1 22 0.096686 
C01B2 -77.73923209 160.19769718 1370192.00 528392.70 1694.30 2003 1 4 2004 1 22 0.000300 
C01C1 -77.73704582 160.17465843 1370447.00 527851.50 1688.12 2003 1 4 2004 1 22 0.039782 
CG1 -77.63952324 160.98410748 1380808.00 547406.40 1460.59 2003 1 5 2004 1 17 0.040611 
CG2 -77.64015170 160.99631996 1380728.00 547695.70 1460.07 2003 1 5 2004 1 17 -0.067031 
CG3 -77.64288631 160.98766282 1380430.00 547478.60 1419.21 2003 1 5 2004 1 17 0.062824 
CG4 -77.64357236 161.00056226 1380343.00 547784.00 1425.59 2003 1 5 2004 1 17 -0.000807 
CG5 -77.64596139 160.98889556 1380086.00 547496.40 1370.04 2003 1 5 2004 1 17 0.084383 
CG6 -77.64667969 161.00105770 1379996.00 547784.00 1374.67 2003 1 5 2004 1 17 0.081266 
EDW678 -77.73367784 160.82267200 1370430.00 543223.90 1236.77 2002 12 30 2004 1 14 0.061506 
EDW679 -77.72832392 160.84858252 1371008.00 543857.00 1234.90 2002 12 30 2004 1 14 0.085728 
EDW680 -77.72075962 160.88012257 1371828.00 544632.10 1248.83 2002 12 30 2004 1 14 0.102554 
EDW681 -77.71554780 160.89890665 1372395.00 545096.70 1250.93 2002 12 30 2004 1 14 0.085988 
EDW682 -77.70952271 160.91970169 1373051.00 545612.40 1252.03 2002 12 30 2004 1 14 0.071065 
EDW683 -77.70322378 160.94729356 1373732.00 546291.10 1256.81 2002 12 30 2004 1 14 0.039014 
EDW684 -77.69641655 160.97659045 1374468.00 547012.90 1255.38 2002 12 30 2004 1 14 0.075953 
EDW685 -77.68977593 161.00839649 1375183.00 547794.50 1234.53 2002 12 30 2004 1 14 -0.015225 
F01A1 -77.81497254 161.71832708 1360544.00 564031.30 768.26 2002 12 3 2004 1 3 -0.118893 
F01A2 -77.81920399 161.71487613 1360076.00 563928.20 770.89 2002 12 3 2004 1 3 0.152803 
F01A3 -77.81557991 161.73955844 1360453.00 564527.90 778.86 2002 12 3 2004 1 3 -0.142842 
F01A4 -77.81998715 161.73559669 1359966.00 564411.70 779.72 2002 12 3 2004 1 3 0.077304 
F01B1 -77.82677005 161.70794498 1359240.00 563726.10 777.56 2002 12 3 2004 1 3 0.162391 
F01B2 -77.83091530 161.70411532 1358782.00 563614.70 773.93 2002 12 3 2004 1 3 0.136139 
F01B3 -77.82749446 161.72740594 1359138.00 564180.00 783.54 2002 12 3 2004 1 3 0.099178 
F01B4 -77.83178135 161.72380094 1358664.00 564073.00 782.24 2002 12 3 2004 1 3 0.111131 
F01C1 -77.83760905 161.69738057 1358043.00 563422.00 773.18 2002 12 3 2004 1 3 0.153924 
F01C2 -77.84195799 161.69379714 1357562.00 563315.50 776.63 2002 12 3 2004 1 3 0.172435 
F01C3 -77.83834979 161.71801488 1357938.00 563903.00 785.69 2002 12 3 2004 1 3 0.109783 
F01C4 -77.84251054 161.71444815 1357478.00 563797.70 785.58 2002 12 3 2004 1 3 0.105964 
F01D1 -77.84885406 161.68836438 1356799.00 563152.60 774.53 2002 12 3 2004 1 3 0.121674 
F01D2 -77.85314807 161.68487767 1356324.00 563048.80 772.67 2002 12 3 2004 1 3 0.155210 
F01D3 -77.84959106 161.70946758 1356694.00 563644.20 781.48 2002 12 3 2004 1 3 0.130535 
F01D4 -77.85385692 161.70614372 1356222.00 563544.20 782.38 2002 12 3 2004 1 3 0.118353 
F01E1 -77.85945871 161.67967016 1355626.00 562894.40 769.03 2002 12 3 2004 1 3 0.101087 
F01E2 -77.86358338 161.67512138 1355171.00 562766.70 763.37 2002 12 3 2004 1 3 0.127967 
F01E3 -77.86029998 161.69935551 1355511.00 563351.80 776.06 2002 12 3 2004 1 3 0.139433 
F01E4 -77.86442048 161.69527694 1355056.00 563235.00 771.03 2002 12 3 2004 1 3 0.139698 
F02A1 -77.89780435 161.89329024 1351113.00 567693.30 906.10 2002 12 5 2004 1 6 0.134802 
F02A2 -77.89392989 161.88280774 1351557.00 567469.50 908.01 2002 12 5 2004 1 6 0.170366 
F02B1 -77.89106841 161.86275765 1351899.00 567016.20 912.45 2002 12 5 2004 1 6 0.154426 
F02B2 -77.88882561 161.84524103 1352169.00 566618.60 909.30 2002 12 5 2004 1 6 0.149789 
F02B3 -77.89487457 161.85109817 1351488.00 566722.80 932.27 2002 12 5 2004 1 6 0.175686 
F02B4 -77.89237529 161.83491301 1351785.00 566357.80 924.96 2002 12 5 2004 1 6 0.140267 
F02C1 -77.88462393 161.81287751 1352674.00 565883.90 907.35 2002 12 5 2004 1 6 0.182848 
F02C2 -77.88232225 161.79557151 1352950.00 565491.10 909.11 2002 12 5 2004 1 6 0.182455 
F02C3 -77.88819044 161.80164172 1352289.00 565601.90 913.55 2002 12 5 2004 1 6 0.162603 
F02C4 -77.88585764 161.78468483 1352568.00 565217.50 907.79 2002 12 5 2004 1 6 0.184359 
F02D1 -77.87799854 161.76230210 1353469.00 564735.00 905.51 2002 12 5 2004 1 6 0.169538 
F02D2 -77.87566879 161.74481292 1353748.00 564337.60 899.43 2002 12 5 2004 1 6 0.150286 
F02D3 -77.88161524 161.75121886 1353078.00 564456.50 907.50 2002 12 5 2004 1 6 0.166350 
F02D4 -77.87940876 161.73389083 1353343.00 564062.30 900.87 2002 12 5 2004 1 6 0.171380 
PU1 -77.70051225 161.13512281 1373879.00 550765.40 1033.55 2003 1 3 2004 1 16 0.022524 
PU10 -77.70481227 161.04349650 1373477.00 548571.00 1192.28 2003 1 3 2004 1 16 0.081812 
PU11 -77.69985421 161.05194962 1374023.00 548791.20 1180.94 2003 1 3 2004 1 16 0.061136 
PU12 -77.69587419 161.06025455 1374460.00 549004.20 1175.22 2003 1 3 2004 1 16 0.063832 
PU2 -77.69870368 161.13016914 1374085.00 550655.00 1039.82 2003 1 3 2004 1 16 0.113836 
PU3 -77.69736345 161.12609163 1374238.00 550563.50 1042.04 2003 1 3 2004 1 16 0.144209 
PU4 -77.70257179 161.11223251 1373669.00 550213.10 1089.34 2003 1 3 2004 1 16 0.017828 
PU5 -77.69993770 161.10848428 1373966.00 550134.60 1089.23 2003 1 3 2004 1 16 0.130055 
PU6 -77.69724464 161.10657855 1374268.00 550100.10 1090.28 2003 1 3 2004 1 16 0.076289 
PU7 -77.70453920 161.07994219 1373477.00 549438.00 1133.21 2003 1 3 2004 1 16 0.108662 
PU8 -77.70101264 161.07916135 1373871.00 549433.40 1126.87 2003 1 3 2004 1 16 0.000370 
PU9 -77.69708075 161.07981520 1374309.00 549464.50 1138.97 2003 1 3 2004 1 16 0.112075 
PV1 -77.72535732 161.66249002 1370596.00 563171.00 418.59 2002 11 23 2003 12 14 0.238959 
PV2 -77.72618015 161.71420806 1370448.00 564393.00 451.08 2002 11 23 2003 12 14 0.211175 
PV3 -77.73005536 161.68394010 1370049.00 563655.60 466.49 2002 11 23 2003 12 14 0.224088 
PV4 -77.73533679 161.65350633 1369493.00 562907.60 468.63 2002 11 23 2003 12 14 0.217929 
SL1 -77.77556874 161.37458305 1365290.00 556116.90 658.32 2002 12 13 2004 1 3 0.189507 
SL2 -77.77718106 161.38521473 1365100.00 556360.70 669.34 2002 12 13 2004 1 3 0.149395 
SL3 -77.78111226 161.36809644 1364678.00 555938.70 678.04 2002 12 13 2004 1 3 0.180926 
SL4 -77.78498157 161.35073969 1364263.00 555511.60 673.85 2002 12 13 2004 1 3 0.183226 
SU1 -77.72973236 161.14433897 1370612.00 550865.20 1125.34 2002 12 24 2004 1 16 0.080444 
SU2 -77.73556598 161.11573128 1369986.00 550163.40 1136.40 2002 12 24 2004 1 16 0.107005 
SU3 -77.72297489 161.12777843 1371380.00 550499.90 1120.11 2002 12 24 2004 1 16 0.094699 
SU4 -77.70854863 161.12315498 1372993.00 550448.50 1105.68 2002 12 24 2004 1 16 0.115541 
T01A1 -77.73303515 162.15548820 1369160.00 574812.00 247.27 2002 11 22 2003 12 13 0.182992 
T01A3 -77.73410766 162.13541377 1369066.00 574330.10 270.32 2002 11 22 2003 12 13 0.215029 
T01A4 -77.73085728 162.13009575 1369435.00 574223.50 262.41 2002 11 22 2003 12 13 0.245479 
T02A1 -77.73747079 162.09425362 1368743.00 573335.40 308.40 2002 11 22 2003 12 13 0.227095 
T02A2 -77.73341255 162.08970717 1369201.00 573251.60 305.05 2002 11 22 2003 12 13 0.177887 
T02A3 -77.73850245 162.07421264 1368653.00 572854.80 329.20 2002 11 22 2003 12 13 0.224764 
T02A4 -77.73427444 162.06957990 1369130.00 572769.80 340.92 2002 11 22 2003 12 13 0.201882 
T03A1 -77.74887943 162.03155605 1367549.00 571784.90 373.71 2002 11 22 2003 12 13 0.150651 
T03A2 -77.74474918 162.02695363 1368015.00 571699.80 378.25 2002 11 22 2003 12 13 0.208269 
T03A3 -77.74988146 162.01132477 1367462.00 571300.50 402.15 2002 11 22 2003 12 13 0.147506 
T03A4 -77.74566753 162.00696629 1367937.00 571221.50 401.32 2002 11 22 2003 12 13 0.145510 
T03B1 -77.74105055 162.02225639 1368433.00 571609.90 373.24 2002 11 22 2003 12 13 0.168227 
T03B2 -77.73671258 162.01777010 1368922.00 571528.60 368.09 2002 11 22 2003 12 13 0.187660 
T03B3 -77.74224980 162.00198766 1368324.00 571123.20 393.27 2002 11 22 2003 12 13 0.176945 
T03B4 -77.73775851 161.99755138 1368830.00 571043.80 383.05 2002 11 22 2003 12 13 0.147511 
T03B5 -77.74290391 161.98138193 1368276.00 570631.70 406.52 2002 11 21 2003 12 13 0.155688 
T03B6 -77.73865153 161.97722967 1368755.00 570557.50 399.21 2002 11 21 2003 12 13 0.199242 
T03C1 -77.73283877 162.01349640 1369359.00 571449.60 376.81 2002 11 21 2003 12 13 0.204296 
T03C2 -77.72875267 162.00894200 1369820.00 571365.10 379.61 2002 11 21 2003 12 13 0.254050 
T03C3 -77.73406129 161.99351610 1369247.00 570969.30 387.70 2002 11 21 2003 12 13 0.180602 
T03C4 -77.72971312 161.98911176 1369737.00 570889.70 386.38 2002 11 21 2003 12 13 0.231870 
T04A1 -77.74903004 161.89983095 1367690.00 568667.40 443.50 2002 11 21 2003 12 13 0.171529 
T04A2 -77.74494824 161.89642890 1368149.00 568609.40 444.10 2002 11 21 2003 12 13 0.199003 
T04A3 -77.75028876 161.87899532 1367574.00 568167.50 450.33 2002 11 21 2003 12 13 0.207731 
T04A4 -77.74584696 161.87654752 1368072.00 568133.90 452.57 2002 11 21 2003 12 13 0.139878 
T05A1 -77.75410905 161.79707425 1367242.00 566208.90 481.89 2002 11 19 2003 12 13 0.211965 
T05A2 -77.74986787 161.79337314 1367719.00 566143.90 482.89 2002 11 19 2003 12 13 0.204624 
T05A3 -77.75495436 161.77731287 1367170.00 565737.00 489.82 2002 11 19 2003 12 13 0.222697 
T05A4 -77.75058777 161.77268165 1367662.00 565650.50 493.30 2002 11 19 2003 12 13 0.221483 
T06A1 -77.77442480 161.72168122 1365061.00 564320.30 575.19 2002 11 21 2003 12 14 0.243271 
T06A1S -77.77127719 161.73252675 1365400.00 564592.80 565.09 2002 11 21 2003 12 14 0.275244 
T06A2 -77.77143358 161.70567959 1365412.00 563957.80 574.97 2002 11 21 2003 12 14 0.235604 
T06A2S -77.76805455 161.71732224 1365776.00 564250.30 546.77 2002 11 21 2003 12 14 0.198855 
T06B1 -77.76493116 161.70197815 1366141.00 563903.80 538.27 2002 11 20 2003 12 14 0.203985 
T06B2 -77.76195264 161.68733739 1366489.00 563573.00 544.98 2002 11 20 2003 12 14 0.209583 
T06B3 -77.76802123 161.68862549 1365811.00 563572.40 552.39 2002 11 20 2003 12 14 0.202976 
T06B4 -77.76518917 161.67360555 1366143.00 563231.90 560.52 2002 11 20 2003 12 14 0.238389 
T06B5 -77.77128439 161.67399559 1365463.00 563210.10 584.37 2002 11 20 2003 12 14 0.227826 
T06B6 -77.76828640 161.65935864 1365813.00 562879.50 579.18 2002 11 20 2003 12 14 0.181179 
T06C1 -77.76170106 161.65491189 1366552.00 562807.70 565.25 2002 11 20 2003 12 14 0.201936 
T06C2 -77.75874415 161.63964009 1366898.00 562461.50 564.96 2002 11 20 2003 12 14 0.210185 
T06C3 -77.76481060 161.64115366 1366220.00 562466.80 578.08 2002 11 20 2003 12 14 0.212932 
T06C4 -77.76186998 161.62597374 1366564.00 562122.70 576.70 2002 11 20 2003 12 14 0.193818 
T07A1 -77.78433825 161.63525759 1364049.00 562229.50 640.70 2002 12 11 2004 1 7 0.182273 
T07A2 -77.78168848 161.61961672 1364361.00 561873.60 638.79 2002 12 11 2004 1 7 0.240820 
T07A3 -77.78774743 161.62287234 1363682.00 561920.20 654.06 2002 12 11 2004 1 7 0.211009 
T07A4 -77.78509419 161.60657240 1363995.00 561548.80 650.01 2002 12 11 2004 1 7 0.207675 
T08A1 -77.79772400 161.59872731 1362595.00 561301.20 684.08 2002 12 11 2004 1 7 0.222413 
T08A2 -77.79643858 161.57888331 1362759.00 560839.70 677.24 2002 12 11 2004 1 7 0.245810 
T08A3 -77.80200904 161.59318950 1362123.00 561149.50 692.04 2002 12 11 2004 1 7 0.213734 
T08A4 -77.80065406 161.57306178 1362295.00 560681.80 686.25 2002 12 11 2004 1 7 0.213671 
T09A1 -77.80805546 161.62826351 1361412.00 561945.80 719.08 2002 12 11 2004 1 3 0.219941 
T09A2 -77.81000010 161.60943710 1361215.00 561492.70 715.87 2002 12 11 2004 1 3 0.222694 
T09A3 -77.81197775 161.63740383 1360965.00 562141.40 734.38 2002 12 11 2004 1 3 0.207296 
T09A4 -77.81393978 161.61869538 1360766.00 561691.10 727.96 2002 12 11 2004 1 3 0.206893 
T09B1 -77.81141008 161.58047540 1361088.00 560803.70 719.50 2002 12 11 2004 1 3 0.213650 
T09B2 -77.81140231 161.56002250 1361110.00 560322.10 718.69 2002 12 11 2004 1 3 0.199967 
T09B3 -77.81568701 161.58058619 1360611.00 560785.30 727.09 2002 12 11 2004 1 3 0.208842 
T09B4 -77.81572925 161.55956734 1360628.00 560290.30 728.55 2002 12 11 2004 1 3 0.246628 
T09B5 -77.82003886 161.58035575 1360126.00 560758.50 735.19 2002 12 11 2004 1 3 0.219432 
T09B6 -77.82012400 161.55953812 1360138.00 560268.20 737.25 2002 12 11 2004 1 3 0.227672 
T09C1 -77.81175899 161.52502393 1361106.00 559496.20 719.00 2002 12 11 2004 1 3 0.247137 
T09C2 -77.81167464 161.50465345 1361136.00 559016.90 727.86 2002 12 11 2004 1 3 0.245993 
T09C3 -77.81604247 161.52439898 1360629.00 559460.90 726.60 2002 12 11 2004 1 3 0.270499 
T09C4 -77.81599304 161.50412199 1360655.00 558983.80 733.39 2002 12 11 2004 1 3 0.268318 
T09D1 -77.81152130 161.46974738 1361188.00 558195.60 725.00 2002 12 13 2004 1 3 0.306881 
T09D2 -77.80918425 161.45216756 1361466.00 557792.50 721.63 2002 12 13 2004 1 3 0.272880 
T09D3 -77.81526023 161.45871134 1360782.00 557918.20 725.92 2002 12 13 2004 1 3 0.294511 
T09D4 -77.81298295 161.44139076 1361053.00 557521.00 723.43 2002 12 13 2004 1 3 0.312182 
T09E1 -77.80613345 161.43507387 1361823.00 557404.00 722.85 2002 12 13 2004 1 3 0.254293 
T09E2 -77.80326807 161.42025275 1362157.00 557068.00 728.09 2002 12 13 2004 1 3 0.249056 
T09E3 -77.80948090 161.42146789 1361463.00 557068.00 733.89 2002 12 13 2004 1 3 0.301133 
T09E4 -77.80650553 161.40683687 1361809.00 556737.00 743.05 2002 12 13 2004 1 3 0.272880 
T09F1 -77.79965592 161.40046194 1362579.00 556618.10 721.93 2002 12 13 2004 1 3 0.225871 
T09F2 -77.79668098 161.38566975 1362925.00 556282.90 723.78 2002 12 13 2004 1 3 0.116821 
T09F3 -77.80204231 161.38996116 1362323.00 556359.70 733.69 2002 12 13 2004 1 3 0.207220 
T09F4 -77.79850946 161.37742005 1362729.00 556080.10 739.76 2002 12 13 2004 1 3 0.214353 
T10A1 -77.83515311 161.56848261 1358453.00 560405.20 759.98 2002 12 12 2003 12 28 0.190354 
T10A2 -77.83450604 161.54817349 1358546.00 559931.00 759.76 2002 12 12 2003 12 28 0.234249 
T10A3 -77.83935201 161.56538547 1357988.00 560311.90 766.13 2002 12 12 2003 12 28 0.212506 
T10A4 -77.83884591 161.54532002 1358065.00 559842.90 767.37 2002 12 12 2003 12 28 0.211514 
T11A1 -77.85623251 161.51405302 1356158.00 559025.00 804.48 2002 12 12 2003 12 28 0.271910 
T11A2 -77.85298707 161.50000846 1356534.00 558710.90 803.40 2002 12 12 2003 12 28 0.277389 
T11A3 -77.85924925 161.49972310 1355836.00 558674.40 812.41 2002 12 12 2003 12 28 0.255819 
T11A4 -77.85610645 161.48514996 1356201.00 558347.40 812.66 2002 12 12 2003 12 28 0.264447 
T12A1 -77.88041718 161.42827045 1353546.00 556900.30 830.70 2002 11 30 2003 12 28 0.325280 
T12A2 -77.87602675 161.42785218 1354036.00 556910.80 833.93 2002 11 30 2003 12 28 0.331752 
T12A3 -77.88032893 161.40742038 1353576.00 556412.40 836.46 2002 11 30 2003 12 28 0.340984 
T12A4 -77.87603813 161.40792967 1354054.00 556444.00 840.08 2002 11 30 2003 12 28 0.292313 
T12B1 -77.87321995 161.42784899 1354349.00 556923.70 841.24 2002 11 30 2003 12 28 0.326142 
T12B2 -77.86876230 161.42794259 1354846.00 556946.50 837.06 2002 11 30 2003 12 28 0.309283 
T12B3 -77.87312286 161.40699232 1354380.00 556435.40 849.88 2002 11 30 2003 12 28 0.331485 
T12B4 -77.86885664 161.40777078 1354855.00 556473.20 843.04 2002 11 30 2003 12 28 0.332217 
T12C1 -77.86589559 161.42863982 1355165.00 556976.10 839.61 2002 11 30 2003 12 28 0.316445 
T12C2 -77.86163134 161.42814877 1355641.00 556984.30 836.62 2002 11 30 2003 12 28 0.312236 
T12C3 -77.86590015 161.40745290 1355185.00 556479.30 848.18 2002 11 30 2003 12 28 0.330753 
T12C4 -77.86153689 161.40804552 1355671.00 556513.20 844.94 2002 11 30 2003 12 28 0.305461 
T12C5 -77.86589662 161.38702382 1355205.00 556000.30 856.77 2002 11 30 2003 12 28 0.343687 
T12C6 -77.86155462 161.38723983 1355689.00 556025.10 855.67 2002 11 30 2003 12 28 0.317015 
T12D1 -77.85666675 161.42878586 1356194.00 557022.20 830.19 2002 11 30 2003 12 28 0.304494 
T12D2 -77.85231518 161.42905332 1356679.00 557048.60 816.60 2002 11 30 2003 12 28 0.275720 
T12D3 -77.85678694 161.40876246 1356200.00 556551.80 835.36 2002 11 30 2003 12 28 0.255572 
T12D4 -77.85234998 161.40854316 1356695.00 556567.00 834.73 2002 11 30 2003 12 28 0.271940 
T12E1 -77.84754609 161.42989418 1357210.00 557090.40 798.56 2002 12 1 2003 12 28 0.283976 
T12E2 -77.84318151 161.43062254 1357696.00 557127.70 794.32 2002 12 1 2003 12 28 0.209934 
T12E3 -77.84750989 161.40931420 1357234.00 556607.30 838.13 2002 12 1 2003 12 28 0.288808 
T12E4 -77.84311555 161.40935012 1357724.00 556628.30 834.62 2002 12 1 2003 12 28 0.288777 
T13A1 -77.86205266 161.31659046 1355700.00 554365.70 882.76 2002 12 7 2003 12 28 0.367687 
T13A2 -77.85837972 161.32799980 1356099.00 554649.60 888.10 2002 12 7 2003 12 28 0.319187 
T13A3 -77.85971214 161.30038804 1355976.00 553995.90 886.66 2002 12 7 2003 12 28 0.314695 
T13A4 -77.85619652 161.31129252 1356358.00 554267.20 892.56 2002 12 7 2003 12 28 0.343245 
T14A1 -77.83560545 161.22152899 1358736.00 552247.70 940.88 2002 12 7 2003 12 29 0.286403 
T14A2 -77.83412823 161.24135196 1358883.00 552720.00 941.82 2002 12 7 2003 12 29 0.269478 
T14A3 -77.83128238 161.21607817 1359223.00 552137.80 950.28 2002 12 7 2003 12 29 0.228557 
T14A4 -77.83010320 161.23567660 1359337.00 552603.70 950.74 2002 12 7 2003 12 29 0.227984 
T15A2 -77.80678415 161.17674788 1361990.00 551314.40 1020.45 2002 12 7 2004 1 4 0.209468 
T15A2S -77.80317909 161.19049661 1362380.00 551653.40 1021.98 2002 12 7 2004 1 4 0.185336 
T15A4 -77.80388509 161.16108706 1362327.00 550957.30 1042.92 2002 12 7 2004 1 4 0.175445 
T15A4S -77.80050008 161.17431575 1362693.00 551283.10 1035.66 2002 12 7 2004 1 4 0.156960 
T16A1 -77.80790057 160.98618119 1362025.00 546819.50 1069.51 2002 12 9 2004 1 4 0.231957 
T16A2 -77.80488297 161.00064005 1362350.00 547171.70 1081.57 2002 12 9 2004 1 4 0.179580 
T16A3 -77.80501392 160.97234921 1362358.00 546504.40 1072.46 2002 12 9 2004 1 4 0.217013 
T16A4 -77.80179372 160.98640644 1362706.00 546847.90 1080.15 2002 12 9 2004 1 4 0.210540 
T16B1 -77.80155698 161.01671302 1362708.00 547563.30 1081.01 2002 12 9 2004 1 4 0.206735 
T16B2 -77.79820451 161.03014827 1363071.00 547893.00 1078.80 2002 12 9 2004 1 4 0.191623 
T16B3 -77.79873843 161.00111072 1363035.00 547206.20 1081.90 2002 12 9 2004 1 4 0.176112 
T16B4 -77.79559885 161.01496320 1363374.00 547544.90 1081.10 2002 12 9 2004 1 4 0.191224 
T16C1 -77.79543654 161.04446557 1363368.00 548241.40 1078.35 2002 12 9 2004 1 4 0.223214 
T16C2 -77.79222987 161.05738977 1363715.00 548558.80 1078.09 2002 12 9 2004 1 4 0.181450 
T16C3 -77.79262160 161.02858527 1363695.00 547877.70 1081.37 2002 12 9 2004 1 4 0.165834 
T16C4 -77.78940733 161.04264071 1364042.00 548221.80 1081.55 2002 12 9 2004 1 4 0.175040 
T16C5 -77.78964163 161.01432124 1364039.00 547552.60 1083.87 2002 12 9 2004 1 4 0.171172 
T16C6 -77.78651711 161.02723923 1364377.00 547869.50 1086.00 2002 12 9 2004 1 4 0.154190 
T16D1 -77.78647736 161.08332522 1364335.00 549193.50 1067.54 2002 12 9 2004 1 4 0.182417 
T16D2 -77.78320823 161.09713468 1364688.00 549532.50 1062.87 2002 12 9 2004 1 4 0.178214 
T16D3 -77.78348079 161.06925521 1364681.00 548873.20 1069.95 2002 12 9 2004 1 4 0.140444 
T16D4 -77.78043127 161.08256825 1365010.00 549199.60 1065.93 2002 12 9 2004 1 4 0.072954 
T16E1 -77.77666020 161.12690221 1365393.00 550261.80 1054.52 2002 12 9 2004 1 4 0.160831 
T16E2 -77.77339316 161.14013981 1365746.00 550587.80 1059.85 2002 12 9 2004 1 4 0.124869 
T16E3 -77.77367575 161.11153520 1365739.00 549910.80 1063.66 2002 12 9 2004 1 4 0.142651 
T16E4 -77.77058051 161.12468024 1366073.00 550233.90 1064.52 2002 12 9 2004 1 4 0.100446 
T17A1 -77.78028919 160.97097188 1365117.00 546564.70 1106.94 2002 12 24 2004 1 18 0.133513 
T17A2 -77.77830194 160.98934769 1365324.00 547006.20 1107.26 2002 12 24 2004 1 18 0.141710 
T17A3 -77.77643445 160.96210969 1365554.00 546369.80 1111.74 2002 12 24 2004 1 18 0.128898 
T17A4 -77.77454357 160.97962465 1365751.00 546790.70 1113.33 2002 12 24 2004 1 18 0.127760 
T18A1S -77.76522241 160.93622876 1366825.00 545799.70 1150.75 2002 12 24 2004 1 18 0.129699 
T18A2S -77.76491507 160.94934566 1366849.00 546111.00 1147.24 2002 12 24 2004 1 18 0.097796 
T18A3S -77.76191913 160.93554917 1367194.00 545795.80 1163.96 2002 12 24 2004 1 18 0.119605 
T19A1 -77.74494644 160.81035202 1369182.00 542893.00 1242.66 2002 12 28 2004 1 14 0.135491 
T19A2 -77.74194921 160.83256131 1369500.00 543429.50 1224.87 2002 12 28 2004 1 14 0.073920 
T19A3 -77.74095915 160.79910689 1369635.00 542640.30 1257.82 2002 12 28 2004 1 14 0.121250 
T19A4 -77.73834211 160.81953170 1369912.00 543133.30 1232.94 2002 12 28 2004 1 14 0.080137 
T19B3 -77.73305307 160.86251606 1370470.00 544170.70 1233.71 2002 12 28 2004 1 14 0.111547 
T19B3S -77.72882241 160.85044427 1370951.00 543899.40 1234.65 2002 12 28 2004 1 14 0.188049 
T19B3T -77.72493405 160.83939652 1371393.00 543651.00 1245.65 2002 12 28 2004 1 14 0.134932 
T19B4 -77.72968233 160.88101342 1370832.00 544621.30 1232.57 2002 12 28 2004 1 14 0.014220 
T19B4S -77.72587679 160.86717691 1371267.00 544306.70 1238.28 2002 12 28 2004 1 14 0.088807 
T19B4T -77.72260303 160.85681220 1371640.00 544072.40 1246.84 2002 12 28 2004 1 14 0.075039 
T19C1S -77.71269589 160.86893565 1372736.00 544395.30 1253.90 2002 12 22 2004 1 14 -0.120773 
T19C2S -77.71014616 160.88133624 1373011.00 544698.90 1253.76 2002 12 22 2004 1 14 -0.013725 
T19C3S -77.71488696 160.87893011 1372484.00 544624.80 1254.72 2002 12 22 2004 1 14 0.062356 
T19C4S -77.71298240 160.89521882 1372684.00 545018.40 1253.48 2002 12 22 2004 1 14 0.085994 
T19C5 -77.71884700 160.90666843 1372021.00 545269.00 1245.82 2002 12 22 2004 1 14 0.050453 
T19C6 -77.71631298 160.91140764 1372300.00 545390.70 1247.89 2002 12 22 2004 1 14 0.116621 
T19D1 -77.71096485 160.96058198 1372858.00 546578.00 1249.70 2002 12 22 2004 1 14 0.096987 
T19D2 -77.70778554 160.97517015 1373201.00 546936.40 1242.99 2002 12 22 2004 1 14 0.125432 
T19D3 -77.70806675 160.94575894 1373193.00 546236.70 1256.23 2002 12 22 2004 1 14 0.036367 
T19D4 -77.70486250 160.96018354 1373539.00 546591.30 1256.06 2002 12 22 2004 1 14 0.110839 
T19E1 -77.70025424 161.00745592 1374015.00 547732.10 1225.66 2002 12 22 2004 1 14 0.075806 
T19E2 -77.69714348 161.02089548 1374351.00 548063.50 1220.40 2002 12 22 2004 1 14 0.125093 
T19E3 -77.69392092 161.00675399 1374722.00 547739.60 1235.23 2002 12 22 2004 1 14 0.083537 
T19E4 -77.69727203 160.99221715 1374360.00 547381.20 1245.06 2002 12 22 2004 1 14 0.094869 
T20A1 -77.71785925 160.81806871 1372198.00 543169.50 1269.90 2002 12 28 2004 1 14 0.124154 
T20A2 -77.71464589 160.82681983 1372550.00 543388.40 1268.95 2002 12 28 2004 1 14 0.065487 
T20A3 -77.71603680 160.80484663 1372411.00 542861.90 1274.97 2002 12 28 2004 1 14 0.118862 
T20A4 -77.71190132 160.81211838 1372867.00 543048.80 1272.22 2002 12 28 2004 1 14 0.007981 
T22A1 -77.72417750 160.16384722 1371888.00 527623.70 1675.59 2003 1 4 2004 1 22 0.071925 
T22A2 -77.72009930 160.15971769 1372345.00 527534.70 1674.50 2003 1 4 2004 1 22 0.084971 
T22B1 -77.71160722 160.21292439 1373267.00 528817.40 1663.81 2003 1 6 2004 1 22 0.064365 
T22B3 -77.71204375 160.19093322 1373229.00 528294.00 1667.46 2003 1 6 2004 1 22 0.067341 
T22B5 -77.71239817 160.17097894 1373199.00 527819.20 1673.36 2003 1 6 2004 1 22 0.085934 
T22C1 -77.69233115 160.21869127 1375415.00 528999.10 1664.73 2003 1 6 2004 1 22 -0.282479 
T22D1 -77.67435265 160.24675320 1377407.00 529709.40 1696.82 2003 1 6 2004 1 22 -0.282911 
T22E1 -77.65293275 160.27986163 1379780.00 530550.40 1710.36 2003 1 7 2004 1 22 -0.571722 
TV1 -77.75124875 160.65152643 1368590.00 539111.10 956.46 2002 12 25 2004 1 18 0.087822 
TV2 -77.75738697 160.69037438 1367879.00 540011.10 1008.62 2002 12 25 2004 1 18 0.086005 
TV3 -77.76814167 160.70817670 1366667.00 540397.40 1040.58 2002 12 25 2004 1 18 0.079393 
TV4 -77.76445739 160.72264695 1367068.00 540751.60 1033.49 2002 12 25 2004 1 18 0.082752 
TV5 -77.76044886 160.74150600 1367502.00 541210.90 1038.71 2002 12 25 2004 1 18 0.075780 
TV6 -77.77169579 160.75613978 1366237.00 541519.50 1061.31 2002 12 25 2004 1 18 0.049520 
