T03B2 -77.73671258 162.01777010 1368922.00 571528.60 368.09 2002 11 22 2009 12 29 0.167451 
T03B4 -77.73775851 161.99755138 1368830.00 571043.80 383.05 2002 11 22 2009 12 31 0.161473 
T03B6 -77.73865153 161.97722967 1368755.00 570557.50 399.21 2002 11 21 2010 1 2 0.163420 
T04A2 -77.74494824 161.89642890 1368149.00 568609.40 444.10 2002 11 21 2010 1 3 0.165534 
T04A4 -77.74584696 161.87654752 1368072.00 568133.90 452.57 2002 11 21 2010 1 3 0.159966 
T07A2 -77.78168848 161.61961672 1364361.00 561873.60 638.79 2002 12 11 2010 1 7 0.199678 
T07A4 -77.78509419 161.60657240 1363995.00 561548.80 650.01 2002 12 11 2010 1 8 0.190820 
T08A2 -77.79643858 161.57888331 1362759.00 560839.70 677.24 2002 12 11 2009 12 28 0.194778 
T10A2 -77.83450604 161.54817349 1358546.00 559931.00 759.76 2002 12 12 2009 12 27 0.213620 
T10A4 -77.83884591 161.54532002 1358065.00 559842.90 767.37 2002 12 12 2009 12 27 0.206590 
