T01A1 -77.73303515 162.15548820 1369160.00 574812.00 247.27 2003 12 13 2004 1 26 0.448261 
T01A3 -77.73410766 162.13541377 1369066.00 574330.10 270.32 2003 12 13 2004 1 26 0.336196 
T01A4 -77.73085728 162.13009575 1369435.00 574223.50 262.41 2003 12 13 2004 1 26 0.579004 
T02A1 -77.73747079 162.09425362 1368743.00 573335.40 308.40 2003 12 13 2004 1 26 0.373551 
T02A2 -77.73341255 162.08970717 1369201.00 573251.60 305.05 2003 12 13 2004 1 26 0.429584 
T02A3 -77.73850245 162.07421264 1368653.00 572854.80 329.20 2003 12 13 2004 1 26 0.205453 
T02A4 -77.73427444 162.06957990 1369130.00 572769.80 340.92 2003 12 13 2004 1 26 0.261486 
T03B1 -77.74105055 162.02225639 1368433.00 571609.90 373.24 2003 12 13 2004 1 26 0.298841 
T03B2 -77.73671258 162.01777010 1368922.00 571528.60 368.09 2003 12 13 2004 1 26 0.448261 
T03B3 -77.74224980 162.00198766 1368324.00 571123.20 393.27 2003 12 13 2004 1 26 0.429584 
T03B4 -77.73775851 161.99755138 1368830.00 571043.80 383.05 2003 12 13 2004 1 26 0.336196 
T03B5 -77.74290391 161.98138193 1368276.00 570631.70 406.52 2003 12 13 2004 1 26 0.242808 
T03B6 -77.73865153 161.97722967 1368755.00 570557.50 399.21 2003 12 13 2004 1 26 0.261486 
T04A1 -77.74903004 161.89983095 1367690.00 568667.40 443.50 2003 12 13 2004 1 26 0.280163 
T04A2 -77.74494824 161.89642890 1368149.00 568609.40 444.10 2003 12 13 2004 1 26 0.392229 
T04A3 -77.75028876 161.87899532 1367574.00 568167.50 450.33 2003 12 13 2004 1 26 0.130743 
T04A4 -77.74584696 161.87654752 1368072.00 568133.90 452.57 2003 12 13 2004 1 26 0.149420 
T05A1 -77.75410905 161.79707425 1367242.00 566208.90 481.89 2003 12 13 2004 1 26 0.093388 
T05A2 -77.74986787 161.79337314 1367719.00 566143.90 482.89 2003 12 13 2004 1 26 0.093388 
T05A3 -77.75495436 161.77731287 1367170.00 565737.00 489.82 2003 12 13 2004 1 26 0.168098 
T05A4 -77.75058777 161.77268165 1367662.00 565650.50 493.30 2003 12 13 2004 1 26 0.130743 
T06B1 -77.76493116 161.70197815 1366141.00 563903.80 538.27 2003 12 14 2004 1 26 0.248455 
T06B2 -77.76195264 161.68733739 1366489.00 563573.00 544.98 2003 12 14 2004 1 26 0.095560 
T06B3 -77.76802123 161.68862549 1365811.00 563572.40 552.39 2003 12 14 2004 1 26 0.038224 
T06B4 -77.76518917 161.67360555 1366143.00 563231.90 560.52 2003 12 14 2004 1 26 0.133783 
T06B5 -77.77128439 161.67399559 1365463.00 563210.10 584.37 2003 12 14 2004 1 26 0.210231 
T06B6 -77.76828640 161.65935864 1365813.00 562879.50 579.18 2003 12 14 2004 1 26 0.267567 
T07A1 -77.78433825 161.63525759 1364049.00 562229.50 640.70 2004 1 7 2004 1 26 0.302773 
T07A2 -77.78168848 161.61961672 1364361.00 561873.60 638.79 2004 1 7 2004 1 26 0.259520 
T07A3 -77.78774743 161.62287234 1363682.00 561920.20 654.06 2004 1 7 2004 1 26 0.259520 
T07A4 -77.78509419 161.60657240 1363995.00 561548.80 650.01 2004 1 7 2004 1 26 0.302773 
T08A1 -77.79772400 161.59872731 1362595.00 561301.20 684.08 2004 1 7 2004 1 26 0.173013 
T08A2 -77.79643858 161.57888331 1362759.00 560839.70 677.24 2004 1 7 2004 1 26 0.259520 
T08A3 -77.80200904 161.59318950 1362123.00 561149.50 692.04 2004 1 7 2004 1 26 0.216266 
T08A4 -77.80065406 161.57306178 1362295.00 560681.80 686.25 2004 1 7 2004 1 26 0.302773 
T09B1 -77.81141008 161.58047540 1361088.00 560803.70 719.50 2004 1 3 2004 1 26 0.357310 
T09B2 -77.81140231 161.56002250 1361110.00 560322.10 718.69 2004 1 3 2004 1 26 0.393041 
T09B3 -77.81568701 161.58058619 1360611.00 560785.30 727.09 2004 1 3 2004 1 26 0.214386 
T09B4 -77.81572925 161.55956734 1360628.00 560290.30 728.55 2004 1 3 2004 1 26 0.142924 
T09B5 -77.82003886 161.58035575 1360126.00 560758.50 735.19 2004 1 3 2004 1 26 0.035731 
T09B6 -77.82012400 161.55953812 1360138.00 560268.20 737.25 2004 1 3 2004 1 26 0.500234 
T10A1 -77.83515311 161.56848261 1358453.00 560405.20 759.98 2003 12 28 2004 1 26 0.481752 
T10A2 -77.83450604 161.54817349 1358546.00 559931.00 759.76 2003 12 28 2004 1 26 0.481752 
T10A3 -77.83935201 161.56538547 1357988.00 560311.90 766.13 2003 12 28 2004 1 26 0.340060 
T10A4 -77.83884591 161.54532002 1358065.00 559842.90 767.37 2003 12 28 2004 1 26 0.481752 
T11A1 -77.85623251 161.51405302 1356158.00 559025.00 804.48 2003 12 28 2004 1 26 0.566767 
T11A2 -77.85298707 161.50000846 1356534.00 558710.90 803.40 2003 12 28 2004 1 26 0.283384 
T11A3 -77.85924925 161.49972310 1355836.00 558674.40 812.41 2003 12 28 2004 1 26 0.538429 
T11A4 -77.85610645 161.48514996 1356201.00 558347.40 812.66 2003 12 28 2004 1 26 0.368399 
T12C1 -77.86589559 161.42863982 1355165.00 556976.10 839.61 2003 12 28 2004 1 26 0.595106 
T12C2 -77.86163134 161.42814877 1355641.00 556984.30 836.62 2003 12 28 2004 1 26 0.425075 
T12C3 -77.86590015 161.40745290 1355185.00 556479.30 848.18 2003 12 28 2004 1 26 0.680121 
T12C4 -77.86153689 161.40804552 1355671.00 556513.20 844.94 2003 12 28 2004 1 26 0.595106 
T12C5 -77.86589662 161.38702382 1355205.00 556000.30 856.77 2003 12 28 2004 1 26 0.368399 
T12C6 -77.86155462 161.38723983 1355689.00 556025.10 855.67 2003 12 28 2004 1 26 0.595106 
T13A1 -77.86205266 161.31659046 1355700.00 554365.70 882.76 2003 12 28 2004 1 26 0.680121 
T13A2 -77.85837972 161.32799980 1356099.00 554649.60 888.10 2003 12 28 2004 1 26 0.850151 
T13A3 -77.85971214 161.30038804 1355976.00 553995.90 886.66 2003 12 28 2004 1 26 0.821812 
T13A4 -77.85619652 161.31129252 1356358.00 554267.20 892.56 2003 12 28 2004 1 26 0.680121 
T14A1 -77.83560545 161.22152899 1358736.00 552247.70 940.88 2003 12 29 2004 1 26 -0.058701 
T14A2 -77.83412823 161.24135196 1358883.00 552720.00 941.82 2003 12 29 2004 1 26 0.440257 
T14A3 -77.83128238 161.21607817 1359223.00 552137.80 950.28 2003 12 29 2004 1 26 0.498958 
T14A4 -77.83010320 161.23567660 1359337.00 552603.70 950.74 2003 12 29 2004 1 26 0.675060 
T15A2 -77.80678415 161.17674788 1361990.00 551314.40 1020.45 2004 1 4 2004 1 26 0.224131 
T15A2S -77.80317909 161.19049661 1362380.00 551653.40 1021.98 2004 1 4 2004 1 26 0.037355 
T15A4 -77.80388509 161.16108706 1362327.00 550957.30 1042.92 2004 1 4 2004 1 26 0.597682 
T15A4S -77.80050008 161.17431575 1362693.00 551283.10 1035.66 2004 1 4 2004 1 26 0.261486 
T16C1 -77.79543654 161.04446557 1363368.00 548241.40 1078.35 2004 1 4 2004 1 26 -0.112065 
T16C2 -77.79222987 161.05738977 1363715.00 548558.80 1078.09 2004 1 4 2004 1 26 0.186776 
T16C3 -77.79262160 161.02858527 1363695.00 547877.70 1081.37 2004 1 4 2004 1 26 0.029884 
T16C4 -77.78940733 161.04264071 1364042.00 548221.80 1081.55 2004 1 4 2004 1 26 0.373551 
T16C5 -77.78964163 161.01432124 1364039.00 547552.60 1083.87 2004 1 4 2004 1 26 0.336196 
T16C6 -77.78651711 161.02723923 1364377.00 547869.50 1086.00 2004 1 4 2004 1 26 0.224131 
