T03B2 -77.73671258 162.01777010 1368922.00 571528.60 368.09 2002 11 22 2010 12 20 0.168106 
T03B4 -77.73775851 161.99755138 1368830.00 571043.80 383.05 2002 11 22 2010 12 20 0.165105 
T04A4 -77.74584696 161.87654752 1368072.00 568133.90 452.57 2002 11 21 2010 12 20 0.163277 
T05A3 -77.75495436 161.77731287 1367170.00 565737.00 489.82 2002 11 19 2010 12 20 0.184069 
T06B1 -77.76493116 161.70197815 1366141.00 563903.80 538.27 2002 11 20 2010 12 20 0.176098 
T06B2 -77.76195264 161.68733739 1366489.00 563573.00 544.98 2002 11 20 2010 12 20 0.170433 
T06B3 -77.76802123 161.68862549 1365811.00 563572.40 552.39 2002 11 20 2010 12 20 0.164830 
T06B4 -77.76518917 161.67360555 1366143.00 563231.90 560.52 2002 11 20 2010 12 20 0.176177 
T06B5 -77.77128439 161.67399559 1365463.00 563210.10 584.37 2002 11 20 2010 12 20 0.186200 
T06B6 -77.76828640 161.65935864 1365813.00 562879.50 579.18 2002 11 20 2010 12 20 0.164741 
T07A2 -77.78168848 161.61961672 1364361.00 561873.60 638.79 2002 12 11 2010 12 20 0.181374 
T07A4 -77.78509419 161.60657240 1363995.00 561548.80 650.01 2002 12 11 2010 12 20 0.175819 
T08A2 -77.79643858 161.57888331 1362759.00 560839.70 677.24 2002 12 11 2010 12 20 0.133254 
T08A4 -77.80065406 161.57306178 1362295.00 560681.80 686.25 2002 12 11 2010 12 20 0.184696 
T09B1 -77.81141008 161.58047540 1361088.00 560803.70 719.50 2002 12 11 2011 1 12 0.171280 
T09B2 -77.81140231 161.56002250 1361110.00 560322.10 718.69 2002 12 11 2011 1 12 0.180403 
T09B5 -77.82003886 161.58035575 1360126.00 560758.50 735.19 2002 12 11 2011 1 12 0.188868 
