AV1 -77.82212747 161.07575298 1360365.00 548873.90 997.15 2002 12 7 2006 12 30 0.202125 
AV2 -77.82090784 161.04316271 1360528.00 548111.60 995.17 2002 12 7 2006 12 30 0.191708 
AV3 -77.81937786 161.03664013 1360704.00 547964.00 993.69 2002 12 7 2006 12 30 0.180594 
BV1 -77.79351700 160.73865021 1363815.00 541033.90 996.06 2002 12 25 2006 12 30 0.100921 
BV2 -77.79423225 160.77289648 1363711.00 541839.50 1030.49 2002 12 25 2006 12 30 0.112374 
BV3 -77.79112241 160.76154432 1364066.00 541582.10 1027.40 2002 12 25 2006 12 30 0.094536 
BV4 -77.78778010 160.74719120 1364449.00 541254.50 1026.75 2002 12 25 2006 12 30 0.082602 
EDW682 -77.70952271 160.91970169 1373051.00 545612.40 1252.03 2002 12 30 2006 12 28 0.033605 
EDW683 -77.70322378 160.94729356 1373732.00 546291.10 1256.81 2002 12 30 2006 12 28 0.022328 
EDW684 -77.69641655 160.97659045 1374468.00 547012.90 1255.38 2002 12 30 2006 12 28 0.039159 
PU1 -77.70051225 161.13512281 1373879.00 550765.40 1033.55 2003 1 3 2006 12 28 0.065271 
PU10 -77.70481227 161.04349650 1373477.00 548571.00 1192.28 2003 1 3 2006 12 28 0.067456 
PU11 -77.69985421 161.05194962 1374023.00 548791.20 1180.94 2003 1 3 2006 12 28 0.041300 
PU12 -77.69587419 161.06025455 1374460.00 549004.20 1175.22 2003 1 3 2006 12 28 0.052393 
PU2 -77.69870368 161.13016914 1374085.00 550655.00 1039.82 2003 1 3 2006 12 28 0.097352 
PU3 -77.69736345 161.12609163 1374238.00 550563.50 1042.04 2003 1 3 2006 12 28 0.095415 
PU4 -77.70257179 161.11223251 1373669.00 550213.10 1089.34 2003 1 3 2006 12 28 0.052867 
PU5 -77.69993770 161.10848428 1373966.00 550134.60 1089.23 2003 1 3 2006 12 28 0.078747 
PU6 -77.69724464 161.10657855 1374268.00 550100.10 1090.28 2003 1 3 2006 12 28 0.069185 
PU7 -77.70453920 161.07994219 1373477.00 549438.00 1133.21 2003 1 3 2006 12 28 0.067315 
PU8 -77.70101264 161.07916135 1373871.00 549433.40 1126.87 2003 1 3 2006 12 28 0.035793 
PU9 -77.69708075 161.07981520 1374309.00 549464.50 1138.97 2003 1 3 2006 12 28 0.075206 
PV1 -77.72535732 161.66249002 1370596.00 563171.00 418.59 2002 11 23 2007 1 3 0.197321 
PV2 -77.72618015 161.71420806 1370448.00 564393.00 451.08 2002 11 23 2007 1 3 0.164356 
PV3 -77.73005536 161.68394010 1370049.00 563655.60 466.49 2002 11 23 2007 1 3 0.172927 
PV4 -77.73533679 161.65350633 1369493.00 562907.60 468.63 2002 11 23 2007 1 3 0.180864 
SL1 -77.77556874 161.37458305 1365290.00 556116.90 658.32 2002 12 13 2007 1 3 0.126106 
SL2 -77.77718106 161.38521473 1365100.00 556360.70 669.34 2002 12 13 2007 1 3 0.104346 
SL3 -77.78111226 161.36809644 1364678.00 555938.70 678.04 2002 12 13 2007 1 3 0.126311 
SL4 -77.78498157 161.35073969 1364263.00 555511.60 673.85 2002 12 13 2007 1 3 0.113490 
SU1 -77.72973236 161.14433897 1370612.00 550865.20 1125.34 2002 12 24 2006 12 28 0.031964 
SU2 -77.73556598 161.11573128 1369986.00 550163.40 1136.40 2002 12 24 2006 12 28 0.067607 
SU3 -77.72297489 161.12777843 1371380.00 550499.90 1120.11 2002 12 24 2006 12 28 0.060085 
SU4 -77.70854863 161.12315498 1372993.00 550448.50 1105.68 2002 12 24 2006 12 28 0.088829 
T01A4 -77.73085728 162.13009575 1369435.00 574223.50 262.41 2002 11 22 2007 1 1 0.216759 
T02A1 -77.73747079 162.09425362 1368743.00 573335.40 308.40 2002 11 22 2007 1 1 0.196811 
T02A2 -77.73341255 162.08970717 1369201.00 573251.60 305.05 2002 11 22 2007 1 1 0.167950 
T02A3 -77.73850245 162.07421264 1368653.00 572854.80 329.20 2002 11 22 2007 1 1 0.184056 
T02A4 -77.73427444 162.06957990 1369130.00 572769.80 340.92 2002 11 22 2007 1 1 0.169740 
T03B1 -77.74105055 162.02225639 1368433.00 571609.90 373.24 2002 11 22 2007 1 1 0.166342 
T03B2 -77.73671258 162.01777010 1368922.00 571528.60 368.09 2002 11 22 2007 1 1 0.156666 
T03B3 -77.74224980 162.00198766 1368324.00 571123.20 393.27 2002 11 22 2007 1 1 0.149202 
T03B4 -77.73775851 161.99755138 1368830.00 571043.80 383.05 2002 11 22 2007 1 1 0.151816 
T03B5 -77.74290391 161.98138193 1368276.00 570631.70 406.52 2002 11 21 2007 1 1 0.142649 
T03B6 -77.73865153 161.97722967 1368755.00 570557.50 399.21 2002 11 21 2007 1 1 0.157154 
T04A1 -77.74903004 161.89983095 1367690.00 568667.40 443.50 2002 11 21 2007 1 1 0.159534 
T04A4 -77.74584696 161.87654752 1368072.00 568133.90 452.57 2002 11 21 2007 1 1 0.182347 
T05A1 -77.75410905 161.79707425 1367242.00 566208.90 481.89 2002 11 19 2007 1 1 0.174052 
T05A2 -77.74986787 161.79337314 1367719.00 566143.90 482.89 2002 11 19 2007 1 1 0.170514 
T05A3 -77.75495436 161.77731287 1367170.00 565737.00 489.82 2002 11 19 2007 1 1 0.177593 
T05A4 -77.75058777 161.77268165 1367662.00 565650.50 493.30 2002 11 19 2007 1 1 0.181431 
T06B1 -77.76493116 161.70197815 1366141.00 563903.80 538.27 2002 11 20 2007 1 2 0.165212 
T06B2 -77.76195264 161.68733739 1366489.00 563573.00 544.98 2002 11 20 2007 1 2 0.162398 
T06B3 -77.76802123 161.68862549 1365811.00 563572.40 552.39 2002 11 20 2007 1 2 0.148777 
T06B4 -77.76518917 161.67360555 1366143.00 563231.90 560.52 2002 11 20 2007 1 2 0.172471 
T06B5 -77.77128439 161.67399559 1365463.00 563210.10 584.37 2002 11 20 2007 1 2 0.174766 
T06B6 -77.76828640 161.65935864 1365813.00 562879.50 579.18 2002 11 20 2007 1 2 0.140954 
T06C1 -77.76170106 161.65491189 1366552.00 562807.70 565.25 2002 11 20 2007 1 3 0.157583 
T06C2 -77.75874415 161.63964009 1366898.00 562461.50 564.96 2002 11 20 2007 1 3 0.160262 
T06C3 -77.76481060 161.64115366 1366220.00 562466.80 578.08 2002 11 20 2007 1 3 0.158023 
T07A1 -77.78433825 161.63525759 1364049.00 562229.50 640.70 2002 12 11 2007 1 2 0.166215 
T07A2 -77.78168848 161.61961672 1364361.00 561873.60 638.79 2002 12 11 2007 1 2 0.177701 
T07A3 -77.78774743 161.62287234 1363682.00 561920.20 654.06 2002 12 11 2007 1 2 0.173368 
T07A4 -77.78509419 161.60657240 1363995.00 561548.80 650.01 2002 12 11 2007 1 2 0.177252 
T08A1 -77.79772400 161.59872731 1362595.00 561301.20 684.08 2002 12 11 2007 1 2 0.176160 
T08A2 -77.79643858 161.57888331 1362759.00 560839.70 677.24 2002 12 11 2007 1 2 0.187554 
T08A3 -77.80200904 161.59318950 1362123.00 561149.50 692.04 2002 12 11 2007 1 2 0.163448 
T08A4 -77.80065406 161.57306178 1362295.00 560681.80 686.25 2002 12 11 2007 1 2 0.175401 
T09B1 -77.81141008 161.58047540 1361088.00 560803.70 719.50 2002 12 11 2007 1 2 0.183132 
T09B2 -77.81140231 161.56002250 1361110.00 560322.10 718.69 2002 12 11 2007 1 2 0.165033 
T09B3 -77.81568701 161.58058619 1360611.00 560785.30 727.09 2002 12 11 2007 1 2 0.175002 
T09B4 -77.81572925 161.55956734 1360628.00 560290.30 728.55 2002 12 11 2007 1 2 0.189987 
T09B5 -77.82003886 161.58035575 1360126.00 560758.50 735.19 2002 12 11 2007 1 2 0.176776 
T09E1 -77.80613345 161.43507387 1361823.00 557404.00 722.85 2002 12 13 2007 1 3 0.203867 
T09E3 -77.80948090 161.42146789 1361463.00 557068.00 733.89 2002 12 13 2007 1 3 0.192666 
T09E4 -77.80650553 161.40683687 1361809.00 556737.00 743.05 2002 12 13 2007 1 3 0.206379 
T09F1 -77.79965592 161.40046194 1362579.00 556618.10 721.93 2002 12 13 2007 1 3 0.176501 
T09F2 -77.79668098 161.38566975 1362925.00 556282.90 723.78 2002 12 13 2007 1 3 0.138782 
T09F3 -77.80204231 161.38996116 1362323.00 556359.70 733.69 2002 12 13 2007 1 3 0.169980 
T09F4 -77.79850946 161.37742005 1362729.00 556080.10 739.76 2002 12 13 2007 1 3 0.153538 
T10A1 -77.83515311 161.56848261 1358453.00 560405.20 759.98 2002 12 12 2007 1 2 0.165943 
T10A2 -77.83450604 161.54817349 1358546.00 559931.00 759.76 2002 12 12 2007 1 2 0.196636 
T10A3 -77.83935201 161.56538547 1357988.00 560311.90 766.13 2002 12 12 2007 1 2 0.179956 
T10A4 -77.83884591 161.54532002 1358065.00 559842.90 767.37 2002 12 12 2007 1 2 0.186355 
T11A1 -77.85623251 161.51405302 1356158.00 559025.00 804.48 2002 12 12 2007 1 2 0.213638 
T11A2 -77.85298707 161.50000846 1356534.00 558710.90 803.40 2002 12 12 2007 1 2 0.223808 
T11A3 -77.85924925 161.49972310 1355836.00 558674.40 812.41 2002 12 12 2007 1 2 0.216710 
T11A4 -77.85610645 161.48514996 1356201.00 558347.40 812.66 2002 12 12 2007 1 2 0.220592 
T12A1 -77.88041718 161.42827045 1353546.00 556900.30 830.70 2002 11 30 2006 12 29 0.272220 
T12A2 -77.87602675 161.42785218 1354036.00 556910.80 833.93 2002 11 30 2006 12 29 0.269184 
T12A3 -77.88032893 161.40742038 1353576.00 556412.40 836.46 2002 11 30 2006 12 29 0.289268 
T12A4 -77.87603813 161.40792967 1354054.00 556444.00 840.08 2002 11 30 2006 12 29 0.252383 
T12B1 -77.87321995 161.42784899 1354349.00 556923.70 841.24 2002 11 30 2006 12 29 0.261858 
T12B2 -77.86876230 161.42794259 1354846.00 556946.50 837.06 2002 11 30 2006 12 29 0.267670 
T12B3 -77.87312286 161.40699232 1354380.00 556435.40 849.88 2002 11 30 2006 12 29 0.274739 
T12B4 -77.86885664 161.40777078 1354855.00 556473.20 843.04 2002 11 30 2006 12 29 0.278021 
T12C1 -77.86589559 161.42863982 1355165.00 556976.10 839.61 2002 11 30 2006 12 29 0.256321 
T12C2 -77.86163134 161.42814877 1355641.00 556984.30 836.62 2002 11 30 2006 12 29 0.251902 
T12C3 -77.86590015 161.40745290 1355185.00 556479.30 848.18 2002 11 30 2006 12 29 0.276421 
T12C4 -77.86153689 161.40804552 1355671.00 556513.20 844.94 2002 11 30 2006 12 29 0.262911 
T12C5 -77.86589662 161.38702382 1355205.00 556000.30 856.77 2002 11 30 2006 12 29 0.281156 
T12C6 -77.86155462 161.38723983 1355689.00 556025.10 855.67 2002 11 30 2006 12 29 0.271584 
T12D1 -77.85666675 161.42878586 1356194.00 557022.20 830.19 2002 11 30 2006 12 29 0.249088 
T12D2 -77.85231518 161.42905332 1356679.00 557048.60 816.60 2002 11 30 2006 12 29 0.239292 
T12D3 -77.85678694 161.40876246 1356200.00 556551.80 835.36 2002 11 30 2006 12 29 0.239604 
T12D4 -77.85234998 161.40854316 1356695.00 556567.00 834.73 2002 11 30 2006 12 29 0.245907 
T12E1 -77.84754609 161.42989418 1357210.00 557090.40 798.56 2002 12 1 2006 12 29 0.238571 
T12E2 -77.84318151 161.43062254 1357696.00 557127.70 794.32 2002 12 1 2006 12 29 0.191262 
T12E3 -77.84750989 161.40931420 1357234.00 556607.30 838.13 2002 12 1 2006 12 29 0.234103 
T12E4 -77.84311555 161.40935012 1357724.00 556628.30 834.62 2002 12 1 2006 12 29 0.253854 
T13A2 -77.85837972 161.32799980 1356099.00 554649.60 888.10 2002 12 7 2006 12 29 0.297759 
T13A3 -77.85971214 161.30038804 1355976.00 553995.90 886.66 2002 12 7 2006 12 29 0.286171 
T13A4 -77.85619652 161.31129252 1356358.00 554267.20 892.56 2002 12 7 2006 12 29 0.306127 
T14A1 -77.83560545 161.22152899 1358736.00 552247.70 940.88 2002 12 7 2006 12 29 0.193993 
T14A2 -77.83412823 161.24135196 1358883.00 552720.00 941.82 2002 12 7 2006 12 29 0.199773 
T14A3 -77.83128238 161.21607817 1359223.00 552137.80 950.28 2002 12 7 2006 12 29 0.166152 
T14A4 -77.83010320 161.23567660 1359337.00 552603.70 950.74 2002 12 7 2006 12 29 0.176864 
T15A2 -77.80678415 161.17674788 1361990.00 551314.40 1020.45 2002 12 7 2006 12 29 0.142955 
T15A2S -77.80317909 161.19049661 1362380.00 551653.40 1021.98 2002 12 7 2006 12 30 0.142671 
T15A4 -77.80388509 161.16108706 1362327.00 550957.30 1042.92 2002 12 7 2006 12 29 0.143360 
T15A4S -77.80050008 161.17431575 1362693.00 551283.10 1035.66 2002 12 7 2006 12 30 0.108242 
T16A1 -77.80790057 160.98618119 1362025.00 546819.50 1069.51 2002 12 9 2006 12 30 0.174987 
T16A2 -77.80488297 161.00064005 1362350.00 547171.70 1081.57 2002 12 9 2006 12 30 0.159948 
T16A3 -77.80501392 160.97234921 1362358.00 546504.40 1072.46 2002 12 9 2006 12 30 0.153632 
T16A4 -77.80179372 160.98640644 1362706.00 546847.90 1080.15 2002 12 9 2006 12 30 0.138061 
T16B1 -77.80155698 161.01671302 1362708.00 547563.30 1081.01 2002 12 9 2006 12 30 0.158906 
T16B3 -77.79873843 161.00111072 1363035.00 547206.20 1081.90 2002 12 9 2006 12 30 0.134412 
T16B4 -77.79559885 161.01496320 1363374.00 547544.90 1081.10 2002 12 9 2006 12 30 0.183982 
T16C1 -77.79543654 161.04446557 1363368.00 548241.40 1078.35 2002 12 9 2006 12 27 0.132801 
T16C2 -77.79222987 161.05738977 1363715.00 548558.80 1078.09 2002 12 9 2006 12 27 0.125428 
T16C3 -77.79262160 161.02858527 1363695.00 547877.70 1081.37 2002 12 9 2006 12 27 0.114298 
T16C4 -77.78940733 161.04264071 1364042.00 548221.80 1081.55 2002 12 9 2006 12 27 0.109064 
T16C5 -77.78964163 161.01432124 1364039.00 547552.60 1083.87 2002 12 9 2006 12 28 0.119629 
T16C6 -77.78651711 161.02723923 1364377.00 547869.50 1086.00 2002 12 9 2006 12 28 0.112810 
T16D1 -77.78647736 161.08332522 1364335.00 549193.50 1067.54 2002 12 9 2006 12 27 0.113014 
T16D2 -77.78320823 161.09713468 1364688.00 549532.50 1062.87 2002 12 9 2006 12 27 0.116348 
T16D3 -77.78348079 161.06925521 1364681.00 548873.20 1069.95 2002 12 9 2006 12 27 0.094139 
T16D4 -77.78043127 161.08256825 1365010.00 549199.60 1065.93 2002 12 9 2006 12 27 0.076408 
T16E1 -77.77666020 161.12690221 1365393.00 550261.80 1054.52 2002 12 9 2006 12 27 0.080525 
T16E2 -77.77339316 161.14013981 1365746.00 550587.80 1059.85 2002 12 9 2006 12 27 0.089577 
T16E3 -77.77367575 161.11153520 1365739.00 549910.80 1063.66 2002 12 9 2006 12 27 0.098056 
T16E4 -77.77058051 161.12468024 1366073.00 550233.90 1064.52 2002 12 9 2006 12 27 0.091789 
T17A1 -77.78028919 160.97097188 1365117.00 546564.70 1106.94 2002 12 24 2006 12 28 0.065835 
T17A2 -77.77830194 160.98934769 1365324.00 547006.20 1107.26 2002 12 24 2006 12 28 0.099319 
T17A3 -77.77643445 160.96210969 1365554.00 546369.80 1111.74 2002 12 24 2006 12 28 0.074928 
T17A4 -77.77454357 160.97962465 1365751.00 546790.70 1113.33 2002 12 24 2006 12 28 0.074401 
T18A1S -77.76522241 160.93622876 1366825.00 545799.70 1150.75 2002 12 24 2006 12 28 0.060668 
T18A2S -77.76491507 160.94934566 1366849.00 546111.00 1147.24 2002 12 24 2006 12 28 0.058234 
T18A3S -77.76191913 160.93554917 1367194.00 545795.80 1163.96 2002 12 24 2006 12 28 0.083673 
T19D1 -77.71096485 160.96058198 1372858.00 546578.00 1249.70 2002 12 22 2006 12 28 0.067330 
T19D2 -77.70778554 160.97517015 1373201.00 546936.40 1242.99 2002 12 22 2006 12 28 0.074854 
T19D3 -77.70806675 160.94575894 1373193.00 546236.70 1256.23 2002 12 22 2006 12 28 0.049169 
T19D4 -77.70486250 160.96018354 1373539.00 546591.30 1256.06 2002 12 22 2006 12 28 0.049594 
T19E1 -77.70025424 161.00745592 1374015.00 547732.10 1225.66 2002 12 22 2006 12 28 0.062064 
T19E2 -77.69714348 161.02089548 1374351.00 548063.50 1220.40 2002 12 22 2006 12 28 0.063224 
T19E3 -77.69392092 161.00675399 1374722.00 547739.60 1235.23 2002 12 22 2006 12 28 0.023887 
T19E4 -77.69727203 160.99221715 1374360.00 547381.20 1245.06 2002 12 22 2006 12 28 0.048620 
TV1 -77.75124875 160.65152643 1368590.00 539111.10 956.46 2002 12 25 2006 12 30 0.062768 
TV2 -77.75738697 160.69037438 1367879.00 540011.10 1008.62 2002 12 25 2006 12 30 0.048384 
TV3 -77.76814167 160.70817670 1366667.00 540397.40 1040.58 2002 12 25 2006 12 30 0.036427 
TV4 -77.76445739 160.72264695 1367068.00 540751.60 1033.49 2002 12 25 2006 12 30 0.046287 
TV5 -77.76044886 160.74150600 1367502.00 541210.90 1038.71 2002 12 25 2006 12 30 0.038607 
TV6 -77.77169579 160.75613978 1366237.00 541519.50 1061.31 2002 12 25 2006 12 30 0.052717 
